1 0.079358 0.429177 0.158715 0.229008
1 0.796438 0.698473 0.11514 0.167091
1 0.644084 0.763783 0.087786 0.106022
1 0.709288 0.886768 0.094784 0.124682
1 0.430662 0.223494 0.107506 0.185751
1 0.289122 0.100933 0.139949 0.184902
1 0.517812 0.220102 0.056616 0.099237
1 0.879771 0.748516 0.062977 0.080577
4 0.106234 0.292197 0.040076 0.033079
4 0.434796 0.114928 0.030534 0.033079
4 0.519402 0.146735 0.022901 0.023749
4 0.794847 0.580577 0.022901 0.02799
4 0.878181 0.688719 0.016539 0.016964
4 0.71374 0.784987 0.020992 0.022901
4 0.663168 0.675573 0.016539 0.021204
0 0.233142 0.516539 0.147583 0.229008
