1 0.726463 0.296014 0.102417 0.122137
1 0.430025 0.175148 0.062977 0.089059
1 0.5 0.1743 0.073155 0.095844
1 0.340649 0.606022 0.052163 0.051739
1 0.792939 0.543257 0.057252 0.053435
1 0.937977 0.399491 0.083969 0.066158
1 0.42271 0.319338 0.05598 0.082273
1 0.442748 0.459712 0.055344 0.057676
1 0.375318 0.513571 0.088422 0.15352
1 0.247137 0.665394 0.092875 0.083969
1 0.337786 0.72307 0.10369 0.126378
1 0.521947 0.368109 0.133588 0.278202
1 0.677799 0.408821 0.1743 0.28838
1 0.827926 0.420271 0.141221 0.240034
4 0.695611 0.185327 0.035623 0.041561
4 0.95388 0.350297 0.021628 0.028838
4 0.809796 0.501696 0.015903 0.022901
4 0.329835 0.553011 0.021628 0.032231
4 0.436387 0.403732 0.017176 0.027142
4 0.423982 0.254453 0.016539 0.023749
4 0.460242 0.110687 0.015267 0.019508
4 0.508588 0.100509 0.021628 0.021204
4 0.36514 0.402884 0.01972 0.025445
4 0.224237 0.589483 0.021628 0.01866
4 0.312023 0.626378 0.016539 0.022901
4 0.632634 0.245123 0.020356 0.025445
4 0.549936 0.196777 0.020356 0.030534
4 0.810115 0.285835 0.025445 0.032231
