1 0.777036 0.526718 0.101781 0.167939
1 0.178117 0.602629 0.089695 0.122986
1 0.281807 0.652248 0.124046 0.145886
1 0.65458 0.657337 0.118957 0.178117
1 0.589377 0.581001 0.058524 0.052587
1 0.475827 0.5581 0.065522 0.079729
1 0.678117 0.405428 0.0757 0.111959
1 0.855598 0.613232 0.079517 0.132316
1 0.948473 0.745123 0.0757 0.102629
4 0.285623 0.553011 0.026081 0.032231
4 0.482824 0.495335 0.026081 0.028838
4 0.605598 0.536047 0.015903 0.016964
4 0.668893 0.538168 0.030534 0.021204
4 0.794211 0.426209 0.021628 0.019508
4 0.677163 0.321035 0.016539 0.02799
4 0.853053 0.522477 0.015903 0.022053
4 0.945929 0.66497 0.027354 0.027142
4 0.195929 0.508906 0.033715 0.030534
