1 0.839377 0.524597 0.075064 0.112807
1 0.884224 0.418999 0.088422 0.094996
1 0.725509 0.550042 0.09542 0.182358
1 0.64313 0.636132 0.041349 0.078032
1 0.62341 0.60687 0.073155 0.124682
1 0.547392 0.686175 0.080153 0.117048
1 0.302163 0.584394 0.108779 0.137405
1 0.238232 0.675148 0.07888 0.118745
1 0.203244 0.48134 0.076336 0.126378
1 0.426209 0.491942 0.120229 0.159457
4 0.226781 0.600509 0.019084 0.022053
4 0.279262 0.480916 0.017176 0.027142
4 0.413486 0.386768 0.01972 0.022053
4 0.553753 0.603053 0.021628 0.023749
4 0.627226 0.526293 0.018448 0.021204
4 0.677163 0.612383 0.013995 0.028838
4 0.723919 0.432146 0.022265 0.024597
4 0.844148 0.442748 0.028626 0.022053
4 0.890585 0.355386 0.026081 0.025445
4 0.198155 0.406277 0.034351 0.030534
