1 0.572837 0.494487 0.165394 0.208651
1 0.4507 0.711196 0.151399 0.207803
1 0.591921 0.822307 0.192112 0.238338
1 0.730598 0.795589 0.094148 0.18151
1 0.872774 0.840119 0.180025 0.233249
1 0.91937 0.671756 0.16126 0.262935
1 0.312341 0.608142 0.074427 0.071247
1 0.182888 0.226887 0.159033 0.245123
4 0.606552 0.371925 0.026718 0.033079
4 0.725509 0.679389 0.052163 0.035623
4 0.613232 0.675573 0.034987 0.041561
4 0.840967 0.673452 0.033715 0.040712
4 0.902354 0.48855 0.040712 0.057676
4 0.334606 0.54877 0.024809 0.033927
4 0.098282 0.156489 0.033079 0.106022
