1 0.420047 0.267616 0.084906 0.164627
2 0.377005 0.504882 0.069575 0.123113
2 0.505542 0.533538 0.100236 0.201651
2 0.625825 0.618443 0.079009 0.154953
2 0.713090 0.526108 0.045991 0.084906
2 0.762028 0.468797 0.099057 0.203774
2 0.712500 0.432712 0.028302 0.038208
0 0.630542 0.424112 0.024764 0.224781
0 0.535913 0.288926 0.033233 0.192967
0 0.516349 0.263840 0.041274 0.109991
0 0.449614 0.397566 0.065395 0.125429
0 0.686535 0.366692 0.015009 0.069468
0 0.692431 0.453045 0.016081 0.049207
0 0.665362 0.395637 0.031625 0.042453