2 0.375825 0.492146 0.079009 0.106132
2 0.540330 0.770212 0.070755 0.195283
2 0.628774 0.729882 0.058962 0.123113
2 0.791509 0.686368 0.066038 0.176179
2 0.779717 0.554764 0.035377 0.044575
2 0.431840 0.658774 0.023585 0.061557
2 0.611675 0.358420 0.034198 0.093396
2 0.343396 0.836014 0.047170 0.055189
2 0.273231 0.837075 0.062500 0.108255
2 0.173585 0.936840 0.054245 0.082783
2 0.195991 0.806297 0.051887 0.131604
2 0.161203 0.817972 0.055425 0.116745
2 0.257620 0.925236 0.030842 0.052250
2 0.211811 0.912173 0.020864 0.042453
0 0.452649 0.565203 0.032656 0.096335
0 0.543813 0.610922 0.024492 0.145319
0 0.616836 0.628066 0.023585 0.068578
0 0.610033 0.449274 0.008164 0.128991
0 0.795991 0.463970 0.022678 0.102866
0 0.829100 0.557039 0.041727 0.080007
0 0.771952 0.376615 0.068940 0.019594
0 0.509797 0.514586 0.067126 0.034289