2 0.459782 0.781864 0.040963 0.107249
2 0.480263 0.663443 0.055859 0.105015
2 0.596326 0.626018 0.050894 0.117304
2 0.585775 0.658975 0.052135 0.087140
2 0.673908 0.583565 0.064548 0.141882
2 0.689424 0.612612 0.024826 0.048039
2 0.730698 0.812028 0.056480 0.084906
2 0.811321 0.828247 0.025399 0.052250
2 0.827649 0.829064 0.030842 0.086538
2 0.847605 0.747424 0.041727 0.083273
2 0.812228 0.669866 0.056241 0.133890
1 0.787736 0.469848 0.056241 0.135522
0 0.513776 0.588122 0.103452 0.087800
0 0.621248 0.483437 0.031089 0.175600
0 0.653945 0.461728 0.021441 0.095519
0 0.670026 0.476683 0.016081 0.067539
0 0.681818 0.405285 0.043954 0.030875