2 0.275000 0.555825 0.080189 0.144340
2 0.427712 0.338255 0.060142 0.120991
2 0.522641 0.323396 0.058962 0.129481
2 0.635259 0.585542 0.060142 0.110377
2 0.629363 0.450755 0.043632 0.065802
2 0.767335 0.510189 0.050708 0.091274
2 0.727241 0.564316 0.102594 0.161321
2 0.754953 0.569623 0.049528 0.065802
2 0.438325 0.221509 0.057783 0.099764
1 0.263797 0.337193 0.034198 0.076415
1 0.259573 0.181493 0.036071 0.041204
2 0.300499 0.156521 0.054107 0.078663
1 0.599473 0.106826 0.056881 0.098640
0 0.610918 0.244173 0.060350 0.083657
0 0.524903 0.141163 0.071448 0.072420
0 0.376804 0.330952 0.065205 0.032464
0 0.306049 0.262278 0.018036 0.114872
0 0.271712 0.257908 0.027053 0.073668