2 0.710127 0.621875 0.080336 0.226857
2 0.620209 0.544266 0.111291 0.244104
2 0.549455 0.592025 0.059699 0.177771
2 0.361881 0.328685 0.079599 0.115419
2 0.564195 0.152904 0.052329 0.108785
2 0.174619 0.352612 0.044448 0.057148
0 0.433801 0.288540 0.077723 0.055961
0 0.479363 0.217624 0.012328 0.076222
0 0.496248 0.288057 0.021441 0.035699
0 0.458190 0.221966 0.020369 0.052101
0 0.629449 0.329063 0.010184 0.125429
0 0.634005 0.210388 0.011792 0.071398
0 0.603988 0.210870 0.046098 0.064644
1 0.447219 0.184125 0.053676 0.040257