2 0.270912 0.610833 0.122642 0.232075
2 0.368003 0.658239 0.090409 0.202358
2 0.437186 0.523805 0.047956 0.106132
2 0.531525 0.586069 0.058962 0.159906
2 0.558648 0.471447 0.059748 0.108962
2 0.719811 0.406352 0.077044 0.128774
2 0.239465 0.423333 0.080189 0.106132
2 0.764623 0.551399 0.110063 0.130189
0 0.666745 0.364607 0.058962 0.093396
0 0.687172 0.502356 0.080947 0.049974
0 0.658429 0.446913 0.051272 0.049836
0 0.560500 0.400769 0.017432 0.064602
0 0.417196 0.444606 0.018970 0.076600
0 0.379648 0.479037 0.018729 0.117370
0 0.359184 0.469673 0.045782 0.093646
0 0.315136 0.406618 0.060350 0.069922
0 0.309933 0.307977 0.040233 0.042453
0 0.368202 0.344811 0.045782 0.033713