2 0.363624 0.349057 0.069367 0.171060
2 0.327206 0.394631 0.032603 0.079911
2 0.388596 0.347184 0.024972 0.044950
2 0.468368 0.264151 0.036071 0.091149
2 0.537736 0.308477 0.013873 0.052442
2 0.557852 0.472669 0.044395 0.093646
2 0.660169 0.495144 0.065899 0.168563
2 0.771157 0.483282 0.043701 0.067425
2 0.781909 0.263527 0.026360 0.052442
0 0.633810 0.330327 0.040927 0.051193
0 0.589761 0.401498 0.034684 0.071171
0 0.579009 0.330327 0.054800 0.051193
0 0.663638 0.362167 0.017342 0.084906
0 0.698668 0.314095 0.065205 0.051193
0 0.758324 0.304731 0.030522 0.052442
0 0.760506 0.405285 0.016081 0.069468
0 0.762382 0.357043 0.034841 0.034734
0 0.835013 0.265866 0.016081 0.058855
2 0.838765 0.322792 0.058962 0.066574