2 0.368750 0.786132 0.053066 0.108255
2 0.351651 0.672571 0.037736 0.067925
2 0.624646 0.707594 0.060142 0.146462
2 0.684198 0.635425 0.075472 0.197406
2 0.747877 0.562193 0.051887 0.106132
2 0.737264 0.440141 0.063679 0.095519
2 0.744340 0.308538 0.082547 0.129481
2 0.752005 0.173750 0.081368 0.161321
2 0.621698 0.171627 0.040094 0.059434
2 0.517335 0.113255 0.043632 0.070047
0 0.399410 0.670448 0.024764 0.140094
0 0.633451 0.346646 0.037343 0.053066
0 0.643933 0.390867 0.047825 0.051887
0 0.705844 0.306551 0.023585 0.043632
0 0.621986 0.505254 0.018344 0.070755
0 0.642951 0.488155 0.039308 0.083726
0 0.631486 0.603721 0.008517 0.097877
0 0.383189 0.621999 0.050445 0.082547
0 0.675595 0.241128 0.044362 0.045485
0 0.682334 0.170878 0.051101 0.062668
0 0.692722 0.390218 0.017969 0.030323