2 0.651179 0.828585 0.087264 0.176179
2 0.714269 0.728821 0.137972 0.265330
2 0.766745 0.582358 0.080189 0.112500
2 0.737854 0.500637 0.064858 0.123113
2 0.739033 0.430590 0.100236 0.127358
2 0.719575 0.312783 0.080189 0.091274
2 0.724292 0.358420 0.042453 0.093396
2 0.266745 0.318090 0.042453 0.080660
2 0.249646 0.516557 0.095519 0.133726
2 0.416509 0.369033 0.033019 0.072170
0 0.629953 0.465613 0.042453 0.078538
0 0.319268 0.515207 0.059988 0.049836
0 0.341571 0.444606 0.026661 0.052605
0 0.299016 0.368929 0.028712 0.050759
0 0.385921 0.415535 0.036403 0.090443
0 0.624077 0.549815 0.025636 0.052605
0 0.642022 0.666099 0.016407 0.131973
0 0.654584 0.314479 0.056911 0.039684