2 0.547995 0.476226 0.069575 0.197406
2 0.679481 0.113255 0.066038 0.065802
2 0.614623 0.125991 0.040094 0.074292
2 0.598432 0.838138 0.042314 0.129856
2 0.492994 0.780702 0.054800 0.054939
2 0.160724 0.678191 0.081160 0.108629
2 0.188124 0.533976 0.076304 0.122364
2 0.140954 0.513998 0.048557 0.064928
2 0.161418 0.419104 0.074223 0.154828
2 0.136099 0.810544 0.061043 0.091149
2 0.165580 0.751859 0.042314 0.071171
2 0.134365 0.904190 0.053413 0.123613
1 0.513804 0.650721 0.057575 0.118618
1 0.582478 0.745616 0.065899 0.118618
0 0.472877 0.318466 0.049251 0.049945
0 0.527331 0.253538 0.036071 0.092397
0 0.617508 0.676942 0.008324 0.103635
0 0.529759 0.733754 0.050638 0.062431