2 0.205425 0.341439 0.084906 0.106132
2 0.141745 0.608891 0.084906 0.246226
2 0.673585 0.308538 0.106132 0.163443
2 0.796816 0.378585 0.074292 0.095519
2 0.810377 0.274575 0.044811 0.091274
2 0.521462 0.553703 0.082547 0.195283
2 0.489623 0.636486 0.058962 0.131604
2 0.457783 0.586604 0.056604 0.188915
2 0.570879 0.525137 0.037239 0.093843
1 0.523709 0.502793 0.042205 0.069265
1 0.577085 0.365938 0.019861 0.222319
0 0.614635 0.263158 0.055238 0.043570
0 0.452644 0.412301 0.021723 0.174280
0 0.484608 0.400571 0.031033 0.061445