2 0.395637 0.692975 0.095182 0.288073
2 0.454599 0.649764 0.059805 0.153133
2 0.508507 0.664926 0.086759 0.283524
1 0.501769 0.497389 0.056435 0.130391
2 0.560310 0.540600 0.042116 0.113713
2 0.665179 0.417790 0.096867 0.119778
2 0.808794 0.457968 0.067385 0.106132
2 0.789842 0.294980 0.044643 0.077325
2 0.661809 0.318480 0.029481 0.075809
2 0.493346 0.399596 0.041274 0.059131
2 0.152123 0.432056 0.096305 0.123821
0 0.599253 0.384296 0.060928 0.060142
0 0.564983 0.436656 0.016758 0.084906
0 0.421301 0.509273 0.012413 0.105015
0 0.603153 0.313766 0.081927 0.075968