2 0.639067 0.616408 0.081705 0.204683
2 0.514404 0.592908 0.053066 0.118261
2 0.781418 0.542116 0.064858 0.125842
2 0.740566 0.422338 0.042116 0.071260
2 0.788578 0.416274 0.033693 0.077325
2 0.794896 0.266931 0.031166 0.036388
2 0.823956 0.282850 0.030323 0.028807
1 0.850489 0.316964 0.014319 0.030323
2 0.421749 0.442807 0.049697 0.075809
2 0.490819 0.454178 0.019373 0.040937
2 0.298770 0.457210 0.071597 0.125842
2 0.254127 0.495115 0.037904 0.050034
2 0.326146 0.433710 0.020216 0.039420
0 0.374128 0.445529 0.059988 0.017535
0 0.529481 0.444145 0.049733 0.029532
0 0.544863 0.509208 0.031276 0.074754
0 0.583060 0.460295 0.029737 0.021226
0 0.656891 0.459372 0.064602 0.019381
0 0.716879 0.466294 0.030763 0.033224