1 0.806250 0.419976 0.038915 0.110377
2 0.737945 0.432731 0.069444 0.128538
2 0.636727 0.650891 0.059617 0.161557
2 0.477529 0.525301 0.068789 0.158019
2 0.435600 0.538273 0.054376 0.077830
2 0.372052 0.426834 0.062238 0.119104
2 0.634756 0.523049 0.103988 0.227702
2 0.584906 0.455510 0.040738 0.081046
2 0.285714 0.130475 0.045485 0.127358
0 0.444912 0.377611 0.013477 0.218329
0 0.568733 0.332884 0.028639 0.144036
0 0.521984 0.451146 0.042958 0.062163
0 0.573787 0.493598 0.042116 0.141004
0 0.674023 0.393531 0.018531 0.150101