2 0.427280 0.574627 0.104167 0.205189
2 0.329992 0.403931 0.064858 0.125590
2 0.403695 0.261537 0.070755 0.109670
2 0.528990 0.317256 0.048153 0.072524
2 0.550609 0.138601 0.042256 0.079599
1 0.751081 0.329638 0.063876 0.076061
2 0.781545 0.483530 0.063876 0.097288
2 0.714230 0.476454 0.080582 0.157429
2 0.624803 0.484414 0.086478 0.201651
2 0.619890 0.619733 0.049135 0.118514
2 0.619890 0.590546 0.123821 0.286557
0 0.491102 0.456089 0.052530 0.106132
0 0.611171 0.210056 0.061106 0.123499
0 0.631003 0.369254 0.019297 0.102273
0 0.673349 0.336449 0.043954 0.109991
0 0.389258 0.368289 0.035377 0.057890