2 0.478827 0.597384 0.057354 0.126394
2 0.542614 0.611374 0.040202 0.098413
2 0.555746 0.584359 0.071827 0.162093
2 0.705564 0.623435 0.064858 0.122534
2 0.662682 0.703034 0.032697 0.052101
2 0.623553 0.771055 0.049850 0.097449
2 0.367603 0.475332 0.047170 0.079117
2 0.740405 0.774914 0.042346 0.066574
0 0.671795 0.435292 0.025193 0.103238
0 0.636685 0.515855 0.053602 0.109991
0 0.696452 0.541424 0.021977 0.053066
0 0.612832 0.596419 0.062714 0.128323
0 0.647406 0.654792 0.036449 0.133148
0 0.706368 0.702069 0.034305 0.057890
0 0.526533 0.383190 0.051994 0.051136
0 0.436750 0.432880 0.067539 0.048242
2 0.433962 0.317636 0.048480 0.109670
1 0.475236 0.475655 0.056342 0.053066