2 0.764993 0.814269 0.084232 0.218329
2 0.798686 0.426887 0.060647 0.068228
2 0.691290 0.501937 0.039589 0.072776
2 0.723720 0.532261 0.038747 0.063679
2 0.665179 0.633086 0.064858 0.128875
2 0.559468 0.733912 0.107817 0.242588
2 0.465128 0.727847 0.099394 0.133423
2 0.361102 0.448871 0.041274 0.060647
2 0.442807 0.266173 0.037904 0.059131
2 0.544727 0.590633 0.051381 0.101584
1 0.410799 0.433710 0.068228 0.115229
1 0.481132 0.432193 0.028639 0.042453
2 0.461338 0.388982 0.026112 0.053066
2 0.382581 0.288915 0.025270 0.040937
0 0.769626 0.495873 0.029481 0.078841
0 0.728525 0.649702 0.044687 0.092726
0 0.458851 0.483577 0.029171 0.035750
0 0.598236 0.582209 0.013331 0.055373
0 0.621308 0.528681 0.088187 0.055373