2 0.682429 0.217264 0.116745 0.163443
2 0.365802 0.535660 0.108491 0.286557
2 0.415920 0.609953 0.112028 0.269575
2 0.534434 0.695920 0.058962 0.127358
2 0.705425 0.791439 0.070755 0.131604
2 0.674764 0.735189 0.094340 0.159198
2 0.750825 0.381769 0.045991 0.072170
2 0.403538 0.056097 0.051887 0.112193
2 0.642335 0.369033 0.036557 0.046698
0 0.526769 0.404057 0.100236 0.116745
0 0.504953 0.556887 0.044811 0.133726
0 0.428135 0.341940 0.037458 0.092397
0 0.549528 0.250166 0.166482 0.078663
0 0.469409 0.159892 0.093646 0.159822