2 0.684788 0.635425 0.090802 0.193160
2 0.630542 0.676816 0.069575 0.127358
2 0.767335 0.642854 0.100236 0.144340
2 0.345755 0.492146 0.075472 0.140094
2 0.412972 0.232123 0.061321 0.125236
2 0.793278 0.289434 0.029481 0.074292
2 0.722319 0.361470 0.037239 0.072617
2 0.720784 0.429742 0.031620 0.043818
2 0.513079 0.109134 0.034305 0.079117
0 0.481454 0.236492 0.050386 0.144726
0 0.451437 0.343589 0.009648 0.069468
0 0.393010 0.384112 0.081475 0.046312
0 0.643868 0.457440 0.055746 0.034734
0 0.656196 0.500858 0.052530 0.063679
0 0.719983 0.514365 0.053602 0.086835
1 0.342088 0.058962 0.043954 0.063679
1 0.748392 0.247105 0.052530 0.081046