2 0.479599 0.644976 0.076651 0.148585
2 0.596934 0.632241 0.082547 0.152830
2 0.595755 0.362665 0.040094 0.076415
2 0.680660 0.184363 0.035377 0.110377
2 0.712500 0.249104 0.035377 0.074292
2 0.380542 0.474104 0.064858 0.142217
2 0.161792 0.381769 0.082547 0.114623
2 0.300943 0.307476 0.049528 0.072170
2 0.530896 0.567500 0.066038 0.087028
2 0.451092 0.473188 0.024826 0.041336
2 0.301204 0.441907 0.044067 0.045804
2 0.328513 0.381020 0.029171 0.037984
2 0.453265 0.386048 0.030412 0.068148
2 0.547604 0.381579 0.024206 0.039101
0 0.584223 0.439672 0.020482 0.065914
0 0.655598 0.374317 0.021723 0.187686
0 0.606256 0.514858 0.058342 0.040218
0 0.532398 0.475757 0.059583 0.055859
0 0.325177 0.567748 0.035377 0.088886
0 0.231223 0.436702 0.078919 0.094702