2 0.517192 0.812587 0.029171 0.090492
1 0.481194 0.716509 0.053997 0.092726
2 0.607808 0.858391 0.046549 0.056976
2 0.662367 0.962773 0.074440 0.074454
2 0.602213 0.966753 0.054713 0.066494
2 0.576135 0.360923 0.049381 0.074292
2 0.600457 0.240198 0.040537 0.063679
2 0.501695 0.146008 0.036114 0.047764
1 0.522091 0.227909 0.033805 0.062264
1 0.529167 0.267531 0.043239 0.070755
1 0.490252 0.407626 0.039308 0.079245
0 0.489746 0.261228 0.024610 0.164274
0 0.561269 0.298605 0.047683 0.076600
0 0.521790 0.373821 0.014869 0.051682
0 0.539223 0.409813 0.043581 0.051682
0 0.515381 0.548247 0.050246 0.040607
0 0.554861 0.525174 0.014356 0.033224
0 0.566397 0.545016 0.027174 0.026764
0 0.512818 0.745744 0.011280 0.077523
0 0.561782 0.900605 0.062039 0.079368
0 0.494360 0.920447 0.043068 0.028610
0 0.519740 0.976143 0.010767 0.047713
0 0.550246 0.961054 0.031788 0.028610