2 0.305071 0.658774 0.079009 0.163443
2 0.240212 0.382830 0.053066 0.099764
2 0.499646 0.519741 0.055425 0.084906
2 0.593986 0.642854 0.093160 0.178302
2 0.578066 0.648160 0.033019 0.070047
2 0.626415 0.596156 0.037736 0.101887
2 0.746698 0.745802 0.075472 0.159198
2 0.690684 0.674693 0.079009 0.148585
2 0.839858 0.567500 0.049528 0.074292
2 0.401769 0.214080 0.027123 0.042453
2 0.676363 0.457495 0.027516 0.043632
2 0.494562 0.360207 0.030791 0.056604
2 0.368449 0.369641 0.014413 0.025943
1 0.337985 0.304782 0.043894 0.058962
0 0.728559 0.544468 0.105060 0.055961
0 0.600450 0.511664 0.020369 0.071398
0 0.438036 0.475965 0.070755 0.084906
0 0.352809 0.445090 0.078259 0.042453
0 0.299207 0.521312 0.026801 0.117710