2 0.403538 0.768090 0.047170 0.123113
2 0.517335 0.707594 0.074292 0.180425
2 0.488443 0.802052 0.042453 0.080660
2 0.570991 0.643915 0.047170 0.078538
2 0.611085 0.551580 0.070755 0.131604
2 0.545637 0.209835 0.062500 0.123113
2 0.708373 0.139788 0.041274 0.055189
2 0.592807 0.357358 0.031840 0.057311
2 0.571580 0.390259 0.038915 0.055189
2 0.358726 0.630118 0.028302 0.067925
2 0.200708 0.950637 0.040094 0.042453
2 0.185377 0.877406 0.047170 0.104009
2 0.130542 0.906061 0.041274 0.101887
0 0.424404 0.695506 0.032274 0.083788
0 0.454816 0.606132 0.019861 0.056976
0 0.405785 0.636855 0.053376 0.033515
0 0.463195 0.717850 0.030412 0.126241
0 0.504779 0.603898 0.020482 0.083788
0 0.681666 0.368173 0.060204 0.068148
0 0.677632 0.243049 0.052135 0.146351
0 0.603153 0.270978 0.080685 0.094960