1 0.347524 0.575991 0.057783 0.099764
1 0.800943 0.401934 0.068396 0.129481
2 0.822759 0.457123 0.048349 0.095519
2 0.750825 0.519741 0.057783 0.101887
2 0.654717 0.511250 0.049528 0.118868
2 0.456604 0.611014 0.054245 0.084906
2 0.540920 0.565377 0.053066 0.065802
2 0.365802 0.746863 0.051887 0.093396
2 0.859906 0.557948 0.035377 0.059434
0 0.379925 0.613513 0.033990 0.196032
0 0.363624 0.432464 0.054107 0.088651
0 0.473571 0.527358 0.117231 0.066176
0 0.421546 0.542342 0.045089 0.078663
0 0.656354 0.354426 0.036071 0.062431
0 0.718438 0.403122 0.046476 0.042453
0 0.703524 0.450569 0.052719 0.087403
0 0.746532 0.462431 0.015261 0.053690