2 0.385259 0.441203 0.069575 0.131604
2 0.451297 0.363726 0.055425 0.095519
1 0.548585 0.271391 0.063679 0.123113
1 0.762618 0.207712 0.053066 0.097642
2 0.804481 0.326580 0.054245 0.089151
2 0.679481 0.310660 0.056604 0.095519
2 0.720165 0.392382 0.041274 0.084906
2 0.553891 0.469858 0.057783 0.065802
2 0.354599 0.585542 0.048349 0.063679
2 0.270873 0.625873 0.041274 0.084906
2 0.243750 0.650283 0.031840 0.061557
0 0.286242 0.395031 0.016509 0.151415
0 0.260299 0.551399 0.029088 0.135849
0 0.279167 0.551399 0.007075 0.113208
0 0.316116 0.535833 0.052673 0.096226
0 0.322013 0.353994 0.045597 0.072170
0 0.336164 0.320031 0.058176 0.049528
0 0.397877 0.280409 0.049528 0.114623
0 0.577909 0.343381 0.038522 0.223585
0 0.752044 0.318616 0.078616 0.026887