0 0.545047 0.173750 0.061321 0.127358
0 0.444811 0.298986 0.101415 0.118868
0 0.457193 0.360542 0.048349 0.148585
0 0.412972 0.515495 0.033019 0.110377
0 0.472524 0.514434 0.050708 0.112500
0 0.527948 0.515495 0.020047 0.161321
0 0.564505 0.495330 0.036557 0.120991
0 0.611675 0.596156 0.064858 0.305660
0 0.636439 0.695920 0.027123 0.165566
0 0.680071 0.487901 0.029481 0.144340
0 0.699528 0.614198 0.016509 0.061557
2 0.358137 0.434835 0.102594 0.208019
2 0.381722 0.592972 0.055425 0.125236
2 0.509080 0.660896 0.036557 0.074292
2 0.507311 0.609953 0.042453 0.040330
2 0.578656 0.788255 0.055425 0.159198
2 0.660024 0.809481 0.036557 0.074292
2 0.703066 0.699104 0.030660 0.078538
2 0.593986 0.600401 0.064858 0.144340
2 0.710731 0.601462 0.074292 0.163443
2 0.477830 0.455000 0.122642 0.295047