1 0.624057 0.280943 0.073113 0.099764
1 0.625825 0.442264 0.088443 0.120991
1 0.697759 0.090967 0.067217 0.093396
1 0.820401 0.032748 0.074292 0.065495
2 0.621108 0.619505 0.074292 0.080660
2 0.763208 0.150401 0.077830 0.110377
2 0.724292 0.413608 0.061321 0.110377
2 0.662972 0.519741 0.051887 0.123113
2 0.597524 0.555825 0.053066 0.097642
0 0.720755 0.205590 0.035377 0.101887
0 0.618160 0.095212 0.082547 0.067925
0 0.547406 0.601462 0.042453 0.057311
0 0.547406 0.520802 0.028302 0.061557
0 0.542099 0.455000 0.057783 0.048821