1 0.487854 0.574929 0.050708 0.093396
1 0.685967 0.319151 0.062500 0.057311
1 0.351061 0.352052 0.034198 0.067925
2 0.515527 0.778721 0.063548 0.194575
2 0.428066 0.664924 0.044549 0.089623
2 0.550904 0.560561 0.080582 0.140330
2 0.476874 0.482731 0.055687 0.071934
2 0.493907 0.370702 0.033412 0.079009
2 0.637710 0.407259 0.039308 0.069575
2 0.729429 0.447353 0.055031 0.107311
2 0.675708 0.535797 0.057652 0.116745
2 0.642623 0.532259 0.042584 0.060142
2 0.605936 0.534028 0.042584 0.047170
2 0.447393 0.182259 0.050445 0.071934
2 0.427083 0.263037 0.041274 0.070755
0 0.430359 0.353603 0.017689 0.125000
0 0.686190 0.430254 0.037998 0.033019
0 0.503407 0.649594 0.019654 0.099057