1 0.272332 0.248423 0.040537 0.127358
2 0.663325 0.134994 0.030955 0.049086
2 0.536557 0.387058 0.030955 0.046433
2 0.518868 0.542939 0.072229 0.164505
2 0.492335 0.595342 0.042748 0.067659
2 0.623894 0.636468 0.056751 0.128685
2 0.729658 0.653715 0.044222 0.067659
2 0.748452 0.552889 0.077388 0.176445
2 0.683225 0.392364 0.079599 0.112765
2 0.578936 0.233830 0.028744 0.055719
0 0.631633 0.212603 0.053066 0.122052
0 0.600678 0.420224 0.073703 0.059699
0 0.636055 0.454054 0.073703 0.034493
0 0.657061 0.540286 0.037588 0.116745
2 0.749558 0.409611 0.013267 0.149912