2 0.503774 0.478349 0.070755 0.137972
2 0.557429 0.538844 0.048349 0.097642
2 0.633491 0.510189 0.042453 0.082783
2 0.256132 0.667264 0.082547 0.176179
2 0.374057 0.592972 0.044811 0.074292
2 0.411203 0.563255 0.036557 0.099764
2 0.460141 0.266085 0.035377 0.061557
2 0.752594 0.393443 0.044811 0.087028
1 0.672995 0.363726 0.071934 0.053066
1 0.599292 0.446509 0.037736 0.061557
0 0.424764 0.388137 0.028302 0.208019
0 0.296226 0.544151 0.040094 0.104009
0 0.461910 0.397689 0.062500 0.082783
0 0.708664 0.411743 0.049652 0.043570