2 0.503774 0.441203 0.084906 0.174057
1 0.710141 0.494269 0.082547 0.152830
2 0.807429 0.539906 0.053066 0.108255
2 0.629953 0.712901 0.044811 0.106132
1 0.610495 0.522925 0.041274 0.065802
2 0.546816 0.549458 0.045991 0.114623
2 0.281486 0.691675 0.074292 0.148585
2 0.370519 0.693797 0.040094 0.093396
2 0.399410 0.622689 0.038915 0.091274
2 0.415330 0.129175 0.054245 0.101887
0 0.588679 0.439080 0.058962 0.127358
0 0.667689 0.408302 0.056604 0.065802
0 0.637028 0.601462 0.014151 0.193160
0 0.378774 0.510189 0.021226 0.197406
0 0.423585 0.414670 0.051887 0.065802
0 0.386439 0.275637 0.041274 0.178302
0 0.290330 0.556887 0.042453 0.210142
0 0.330425 0.523986 0.018868 0.165566