2 0.516156 0.671934 0.102594 0.235613
2 0.747288 0.731368 0.079009 0.116745
2 0.676533 0.372642 0.062500 0.087028
2 0.379363 0.425708 0.067217 0.120991
2 0.421226 0.497877 0.094340 0.125236
2 0.481958 0.394929 0.088443 0.110377
2 0.452476 0.311085 0.043632 0.087028
2 0.476651 0.277123 0.035377 0.061557
2 0.594575 0.654953 0.061321 0.104009
1 0.695991 0.435259 0.077830 0.072170
0 0.679481 0.631604 0.066038 0.112500
0 0.606368 0.521226 0.051887 0.070047
0 0.678302 0.512736 0.030660 0.074292
0 0.609316 0.401297 0.093160 0.055189