2 0.425354 0.748349 0.050708 0.142217
2 0.631722 0.625236 0.050708 0.091274
2 0.520873 0.733491 0.034198 0.074292
2 0.529717 0.683608 0.030660 0.084906
2 0.615802 0.471344 0.077830 0.127358
2 0.668868 0.539269 0.080189 0.127358
2 0.611085 0.211321 0.070755 0.133726
2 0.418278 0.192217 0.055425 0.099764
0 0.445401 0.575354 0.041274 0.191038
0 0.497877 0.580660 0.033019 0.159198
0 0.536792 0.602948 0.025943 0.157075
0 0.570401 0.513797 0.081368 0.144340
0 0.450708 0.333373 0.042453 0.225000
0 0.705425 0.423585 0.033019 0.146462
0 0.757901 0.271816 0.050708 0.067925
0 0.670637 0.266509 0.083726 0.082783