0 0.456014 0.617382 0.031840 0.144340
0 0.404717 0.564316 0.120283 0.080660
0 0.472524 0.440141 0.036557 0.142217
0 0.545047 0.600401 0.117925 0.123113
1 0.527948 0.631179 0.069575 0.129481
2 0.592807 0.545212 0.109670 0.208019
2 0.620519 0.667264 0.061321 0.091274
2 0.738443 0.311722 0.070755 0.097642
2 0.623467 0.116439 0.053066 0.076415
2 0.443632 0.757476 0.075472 0.161321
2 0.331604 0.616321 0.054245 0.078538
0 0.664151 0.331887 0.077830 0.057311
0 0.550943 0.352052 0.101415 0.076415
0 0.620519 0.252288 0.023585 0.161321
0 0.540330 0.438019 0.073113 0.091274