0 0.496108 0.463491 0.038915 0.142217
0 0.502594 0.249104 0.023585 0.197406
0 0.558019 0.386014 0.058962 0.089151
0 0.672406 0.461368 0.110849 0.048821
0 0.601061 0.611014 0.088443 0.063679
0 0.559198 0.636486 0.042453 0.033962
0 0.481368 0.660896 0.025943 0.188915
0 0.415330 0.570684 0.117925 0.101887
2 0.338090 0.621627 0.053066 0.106132
2 0.483137 0.816910 0.071934 0.118868
2 0.656486 0.653467 0.067217 0.097642
2 0.747288 0.508066 0.081368 0.095519
2 0.726061 0.388137 0.055425 0.140094
2 0.469575 0.637547 0.087264 0.150708