1 0.243750 0.647099 0.083726 0.127358
2 0.663561 0.698042 0.081368 0.148585
2 0.575118 0.686368 0.093160 0.201651
2 0.483137 0.519741 0.090802 0.152830
2 0.497288 0.312783 0.071934 0.171934
2 0.433608 0.348868 0.038915 0.087028
2 0.270873 0.262901 0.083726 0.174057
2 0.186557 0.678939 0.089623 0.178302
2 0.160024 0.880590 0.057783 0.097642
2 0.259670 0.770212 0.044811 0.135849
2 0.237854 0.781887 0.038915 0.078538
2 0.345755 0.703349 0.058962 0.116745
0 0.615212 0.550519 0.069575 0.210142
0 0.563915 0.498514 0.023585 0.101887
0 0.239033 0.081415 0.156840 0.070047
0 0.292689 0.637547 0.094340 0.104009
0 0.164151 0.539906 0.016509 0.108255
0 0.213679 0.516557 0.044811 0.099764