0 0.402948 0.722877 0.076651 0.163443
2 0.552123 0.756840 0.089623 0.188915
2 0.717217 0.501061 0.056604 0.093396
2 0.741981 0.377948 0.091981 0.182547
2 0.204245 0.417217 0.073113 0.120991
2 0.158255 0.264387 0.063679 0.099764
2 0.139976 0.363090 0.041274 0.127358
2 0.452476 0.282429 0.076651 0.140094
2 0.291509 0.382193 0.058962 0.097642
2 0.315684 0.340802 0.050708 0.074292
0 0.540330 0.609316 0.042453 0.182547
0 0.428891 0.625236 0.031840 0.108255
0 0.680660 0.394929 0.049528 0.106132
0 0.637618 0.421462 0.067217 0.065802