2 0.591038 0.142335 0.082547 0.127358
2 0.629953 0.269693 0.042453 0.089151
2 0.660024 0.728184 0.126179 0.233491
2 0.594575 0.629481 0.084906 0.184670
2 0.550354 0.573231 0.048349 0.110377
2 0.499196 0.500708 0.050922 0.089730
2 0.570493 0.327660 0.077306 0.176887
2 0.265693 0.259053 0.051705 0.071843
1 0.548712 0.246807 0.055334 0.057148
0 0.620980 0.446001 0.049850 0.117710
0 0.610527 0.471087 0.019297 0.061750
0 0.674046 0.518846 0.055210 0.043418
0 0.627182 0.543031 0.032429 0.063679
0 0.588561 0.553644 0.049528 0.046698
0 0.577358 0.522866 0.038915 0.053066
0 0.453774 0.389796 0.011006 0.107547
0 0.379874 0.318333 0.039308 0.131604