2 0.366981 0.701226 0.063679 0.146462
2 0.443042 0.579175 0.048349 0.076415
2 0.476651 0.509127 0.037736 0.089151
2 0.740212 0.579175 0.067217 0.135849
2 0.616391 0.625873 0.034198 0.106132
2 0.560377 0.585542 0.068396 0.157075
2 0.527358 0.609953 0.035377 0.078538
2 0.547406 0.329764 0.113208 0.142217
2 0.463090 0.538844 0.069575 0.148585
2 0.448349 0.463491 0.023585 0.065802
2 0.809198 0.367972 0.040094 0.087028
2 0.384670 0.123868 0.035377 0.057311
0 0.405896 0.256533 0.047170 0.152830
0 0.368160 0.581297 0.028302 0.161321
0 0.467217 0.339316 0.075472 0.067925
0 0.398821 0.424222 0.042453 0.076415
0 0.641745 0.561132 0.040094 0.078538
0 0.729599 0.405118 0.102594 0.084906
0 0.520873 0.465613 0.038915 0.044575