2 0.449495 0.711883 0.091914 0.201563
2 0.565684 0.768090 0.100236 0.225000
2 0.775590 0.659835 0.100236 0.144340
2 0.608726 0.529292 0.037736 0.095519
2 0.529717 0.449693 0.089623 0.114623
2 0.403538 0.378585 0.035377 0.053066
2 0.434788 0.487901 0.024764 0.072170
2 0.861085 0.354175 0.051887 0.076415
2 0.770283 0.436958 0.028302 0.063679
2 0.318986 0.690701 0.066543 0.122810
0 0.387214 0.530745 0.048012 0.078841
0 0.519879 0.544390 0.048854 0.045485
0 0.532513 0.571681 0.013477 0.069744
2 0.520721 0.624747 0.038747 0.084906
2 0.471024 0.549697 0.045485 0.080357
2 0.420906 0.576988 0.046327 0.074292
0 0.703925 0.576230 0.078336 0.072776
0 0.734670 0.448113 0.053908 0.050034
2 0.690869 0.488292 0.033693 0.036388
0 0.341307 0.620654 0.026954 0.080357
0 0.472395 0.477358 0.043418 0.037629
0 0.413433 0.443107 0.020905 0.092624
0 0.577765 0.638863 0.033412 0.123821