2 0.371108 0.545212 0.050708 0.101887
2 0.621698 0.426344 0.044811 0.123113
2 0.575708 0.396627 0.025943 0.072170
2 0.787972 0.603585 0.051887 0.142217
2 0.863443 0.637547 0.037736 0.112500
2 0.498821 0.502306 0.044549 0.083726
2 0.402516 0.584853 0.027516 0.043632
0 0.430687 0.407377 0.013103 0.082547
0 0.400550 0.489924 0.034067 0.068396
0 0.412015 0.513509 0.021619 0.077830
0 0.588247 0.446882 0.022930 0.057783
2 0.583661 0.483438 0.033412 0.045991
2 0.613142 0.485797 0.029481 0.057783
0 0.798027 0.522277 0.025729 0.096484