0 0.355778 0.444387 0.050708 0.036085
0 0.290330 0.380708 0.047170 0.061557
0 0.414151 0.434835 0.035377 0.050943
0 0.454506 0.323486 0.024206 0.115070
0 0.468471 0.529605 0.038481 0.165343
0 0.733491 0.456430 0.040963 0.048039
0 0.627979 0.319575 0.081927 0.075968
0 0.524019 0.215678 0.058962 0.109484
0 0.546673 0.198361 0.028550 0.108366
0 0.590429 0.106194 0.022964 0.087140
0 0.655598 0.157026 0.009310 0.097195
0 0.681976 0.135799 0.039722 0.164225
0 0.631703 0.199479 0.035998 0.065914
0 0.674839 0.287177 0.035377 0.116187
0 0.634186 0.272654 0.054618 0.069265
0 0.678563 0.497766 0.014275 0.086023
0 0.651564 0.451961 0.027309 0.050273
1 0.524673 0.316528 0.067126 0.088171
1 0.314677 0.332039 0.078919 0.057148
1 0.419902 0.338570 0.044448 0.057148
2 0.390874 0.585940 0.087990 0.143687
2 0.489750 0.666763 0.066219 0.207366
2 0.657112 0.638189 0.117925 0.215530
2 0.624456 0.507565 0.074383 0.133890
2 0.583182 0.423476 0.048077 0.086538
2 0.778665 0.470827 0.054427 0.142054
1 0.783654 0.305914 0.075290 0.109398
1 0.720156 0.381023 0.031749 0.044086
1 0.538734 0.120591 0.062591 0.055515
2 0.490657 0.135287 0.039006 0.078374
2 0.459815 0.227540 0.040820 0.083273
2 0.661647 0.063770 0.054427 0.120827
1 0.714260 0.044176 0.043541 0.062046