1 0.407075 0.470920 0.084906 0.195283
1 0.368750 0.615259 0.090802 0.148585
2 0.268514 0.492146 0.067217 0.144340
2 0.348703 0.485778 0.069575 0.118868
2 0.629953 0.660896 0.056604 0.099764
2 0.708962 0.684245 0.063679 0.108255
2 0.688325 0.550519 0.076651 0.176179
2 0.733726 0.567500 0.054245 0.074292
2 0.794458 0.402995 0.069575 0.097642
1 0.780896 0.468797 0.042453 0.084906
0 0.634670 0.582358 0.030660 0.112500
0 0.679481 0.583420 0.037736 0.144340
0 0.721934 0.398750 0.075472 0.046698
0 0.631014 0.447724 0.054245 0.095519
0 0.642807 0.414292 0.040094 0.081722
0 0.689976 0.424375 0.036557 0.067925
0 0.720637 0.434458 0.037736 0.007429
0 0.721816 0.356981 0.075472 0.032901