1 0.358137 0.477712 0.083726 0.182547
1 0.414589 0.357143 0.070755 0.071260
1 0.749832 0.513309 0.045485 0.043969
2 0.299191 0.329852 0.067385 0.077325
2 0.361102 0.379885 0.042958 0.089454
2 0.420906 0.459485 0.039589 0.066712
2 0.451230 0.477679 0.026112 0.054582
2 0.609586 0.550455 0.054751 0.090970
2 0.716139 0.809720 0.109501 0.188005
2 0.725404 0.706621 0.062332 0.094003
2 0.780155 0.649006 0.077493 0.087938
2 0.732143 0.606553 0.052224 0.078841
0 0.671503 0.675790 0.051784 0.066448
0 0.652533 0.686864 0.045632 0.060911
0 0.646380 0.604266 0.015894 0.043376
0 0.322344 0.382773 0.026148 0.054450
0 0.401640 0.433748 0.014473 0.054996