1 0.479009 0.315967 0.084906 0.152830
2 0.273821 0.314906 0.113208 0.188915
2 0.192453 0.367972 0.077830 0.120991
2 0.351651 0.134481 0.082547 0.125236
2 0.537972 0.589788 0.058962 0.148585
2 0.560967 0.468797 0.074292 0.152830
2 0.662382 0.494269 0.036557 0.118868
2 0.408844 0.543090 0.045991 0.076415
2 0.391156 0.490024 0.045991 0.093396
2 0.333373 0.412547 0.062500 0.142217
2 0.215448 0.139788 0.050708 0.097642
2 0.204245 0.240613 0.044811 0.087028
0 0.433608 0.412547 0.060142 0.125236
0 0.397052 0.369033 0.086085 0.072170
0 0.534434 0.340377 0.007075 0.150708
0 0.454835 0.503821 0.041274 0.048821
0 0.632901 0.477288 0.055425 0.033962