2 0.348703 0.520802 0.088443 0.159198
2 0.620519 0.682624 0.080189 0.175177
2 0.642335 0.637547 0.081368 0.184670
2 0.436557 0.410425 0.061321 0.104009
2 0.480189 0.397689 0.044811 0.078538
2 0.415330 0.271391 0.073113 0.127358
2 0.479599 0.238491 0.041274 0.087028
2 0.273821 0.396627 0.058962 0.097642
2 0.170637 0.261840 0.031840 0.065802
2 0.312146 0.314906 0.045991 0.070047
2 0.345165 0.235307 0.027123 0.050943
2 0.751415 0.363726 0.044811 0.087028
2 0.545047 0.421038 0.021226 0.048821
1 0.818042 0.260778 0.060142 0.093396
1 0.562146 0.201344 0.060142 0.089151
0 0.565931 0.363218 0.049314 0.050172
0 0.487136 0.310152 0.090051 0.040523
0 0.547706 0.276383 0.016081 0.077187
0 0.543954 0.440405 0.099700 0.067539
0 0.634005 0.451983 0.046098 0.073328
0 0.703152 0.382515 0.065395 0.055961
0 0.604481 0.534540 0.020047 0.080660
0 0.235091 0.306958 0.086759 0.054582
0 0.382918 0.404751 0.053908 0.037904