1 0.331604 0.473042 0.089623 0.169811
2 0.205425 0.492146 0.063679 0.097642
2 0.452476 0.575991 0.045991 0.087028
2 0.461910 0.608891 0.088443 0.148585
2 0.646462 0.622689 0.077830 0.104009
2 0.754363 0.400873 0.055425 0.135849
2 0.777948 0.444387 0.050708 0.116745
2 0.842217 0.591910 0.044811 0.089151
0 0.856368 0.487901 0.035377 0.169811
0 0.813325 0.367972 0.057783 0.048821
2 0.832783 0.228939 0.080189 0.152830
0 0.733726 0.199222 0.099057 0.050943
0 0.698349 0.314906 0.094340 0.150708
0 0.572759 0.562193 0.086085 0.089151
0 0.253184 0.477288 0.060142 0.063679
0 0.764976 0.080354 0.100236 0.093396
2 0.829835 0.029564 0.048349 0.059127