2 0.523821 0.738373 0.056604 0.140094
2 0.754953 0.805236 0.075472 0.184670
2 0.651769 0.186486 0.083726 0.118868
2 0.528538 0.325519 0.047170 0.053066
2 0.277948 0.814788 0.038915 0.063679
2 0.224292 0.902877 0.089623 0.120991
2 0.367571 0.960460 0.083726 0.079080
2 0.570991 0.751108 0.047170 0.114623
2 0.644693 0.942417 0.071934 0.115165
2 0.647641 0.580236 0.040094 0.082783
0 0.669458 0.831769 0.036557 0.178302
0 0.700118 0.694858 0.015330 0.082783
2 0.729009 0.812665 0.030660 0.038208
0 0.490212 0.549458 0.112028 0.297170
2 0.473703 0.588726 0.041274 0.053066
0 0.605189 0.668325 0.084906 0.101887
0 0.570401 0.245920 0.135613 0.093396
0 0.308608 0.920920 0.071934 0.118868
0 0.147641 0.943208 0.063679 0.112500