2 0.746698 0.747925 0.087264 0.188915
2 0.147052 0.839198 0.104953 0.261085
0 0.156486 0.682123 0.050708 0.163443
2 0.321580 0.560071 0.076651 0.165566
2 0.616391 0.604646 0.064858 0.101887
2 0.603420 0.549458 0.067217 0.093396
2 0.495519 0.474104 0.075472 0.112500
2 0.533255 0.547335 0.047170 0.114623
0 0.648998 0.544304 0.066627 0.076415
0 0.596521 0.476380 0.028892 0.029717
0 0.560849 0.493361 0.086085 0.038208
0 0.556722 0.477441 0.033019 0.044575
0 0.166364 0.462173 0.110668 0.231858
0 0.267507 0.565040 0.053520 0.039187