1 0.792099 0.367972 0.104953 0.188915
2 0.602830 0.544151 0.110849 0.201651
2 0.692453 0.543090 0.042453 0.063679
2 0.469575 0.435896 0.033019 0.087028
2 0.374646 0.613137 0.083726 0.118868
2 0.239623 0.444387 0.101415 0.188915
2 0.145283 0.417854 0.033019 0.059434
0 0.678302 0.423160 0.051887 0.193160
0 0.592217 0.282005 0.075472 0.114623
0 0.716627 0.294741 0.107311 0.067925
0 0.508491 0.340377 0.040094 0.099764
0 0.421226 0.516557 0.070755 0.129481
0 0.560377 0.390259 0.035377 0.186792
0 0.512618 0.187547 0.048349 0.112500
0 0.178891 0.292618 0.064858 0.106132