2 0.223113 0.684245 0.054245 0.078538
2 0.458373 0.770212 0.055425 0.127358
2 0.581447 0.777956 0.061321 0.103302
2 0.577516 0.573475 0.048742 0.104717
2 0.571619 0.393050 0.069969 0.148585
2 0.582626 0.396588 0.041667 0.070755
2 0.676179 0.480786 0.044811 0.086321
2 0.511871 0.077909 0.052673 0.144340
2 0.151265 0.679352 0.080403 0.138937
2 0.465373 0.654267 0.052530 0.096484
2 0.490030 0.324292 0.037521 0.077187
1 0.555961 0.243246 0.040738 0.108062
1 0.517272 0.704911 0.046476 0.066176
0 0.539123 0.691176 0.055494 0.123613
0 0.475999 0.567564 0.051332 0.086154
0 0.617571 0.211321 0.038915 0.023349
0 0.589557 0.282377 0.015068 0.143868
0 0.560731 0.149240 0.047825 0.062500
0 0.516182 0.267754 0.036032 0.063679
0 0.435928 0.577896 0.018344 0.099057