2 0.448939 0.674057 0.097877 0.159198
2 0.635259 0.466038 0.088443 0.137972
2 0.470165 0.264387 0.062500 0.116745
2 0.177712 0.155071 0.045991 0.089151
2 0.158844 0.447995 0.067217 0.114623
1 0.739033 0.495755 0.067217 0.082783
1 0.535024 0.397052 0.048349 0.089151
1 0.573939 0.304717 0.034198 0.057311
2 0.606368 0.266509 0.061321 0.053066
2 0.645873 0.625236 0.067217 0.129481
2 0.600472 0.513797 0.061321 0.144340
2 0.290920 0.568986 0.050708 0.127358
1 0.265566 0.520165 0.044811 0.123113
0 0.449528 0.530778 0.028302 0.106132
0 0.468396 0.384316 0.030660 0.131604
0 0.492366 0.559211 0.058962 0.072617
0 0.573672 0.505027 0.063928 0.026812
0 0.160672 0.565428 0.095322 0.038915
0 0.123329 0.207233 0.054049 0.118514