2 0.536792 0.262901 0.042453 0.080660
2 0.468986 0.334431 0.053066 0.053910
2 0.459552 0.589788 0.076651 0.135849
2 0.577476 0.751108 0.079009 0.191038
2 0.566274 0.552641 0.028302 0.048821
2 0.635259 0.571745 0.045991 0.036085
2 0.571541 0.422707 0.027516 0.049528
2 0.531578 0.425655 0.015723 0.027123
2 0.475236 0.478721 0.028826 0.036557
0 0.522078 0.507023 0.034722 0.045991
0 0.473926 0.409146 0.018344 0.064858
0 0.541405 0.360207 0.024895 0.091981
0 0.513234 0.568344 0.048480 0.053066
0 0.591850 0.613155 0.026205 0.128538
0 0.588574 0.492872 0.036688 0.048349