1 0.466038 0.538844 0.073113 0.140094
2 0.258491 0.522925 0.066038 0.104009
2 0.157665 0.625873 0.067217 0.144340
2 0.415330 0.769151 0.058962 0.125236
2 0.596344 0.815849 0.048349 0.070047
2 0.669458 0.660896 0.060142 0.125236
2 0.599292 0.769151 0.047170 0.061557
2 0.775000 0.587665 0.035377 0.050943
2 0.829245 0.566439 0.049528 0.089151
2 0.557429 0.604646 0.071934 0.169811
0 0.462500 0.663019 0.084906 0.142217
0 0.536203 0.483656 0.062500 0.161321
0 0.575118 0.477288 0.015330 0.135849
0 0.611085 0.446509 0.051887 0.137972
0 0.575118 0.318090 0.017689 0.123113
0 0.178302 0.433774 0.115566 0.129481
0 0.547100 0.679065 0.071448 0.182297
0 0.613346 0.649723 0.038846 0.208518
0 0.650458 0.592911 0.027053 0.087403
0 0.675430 0.537972 0.070061 0.044950