2 0.403538 0.595094 0.075472 0.129481
2 0.568042 0.742618 0.100236 0.258962
2 0.716038 0.748986 0.070755 0.152830
2 0.828066 0.481533 0.108491 0.174057
2 0.797406 0.442264 0.028302 0.074292
2 0.792689 0.586604 0.037736 0.082783
2 0.598113 0.414670 0.063679 0.078538
2 0.603420 0.528231 0.053066 0.089151
2 0.713679 0.411486 0.054245 0.093396
2 0.300354 0.320212 0.055425 0.123113
2 0.165920 0.515495 0.081368 0.161321
1 0.467571 0.375263 0.073022 0.088171
1 0.208091 0.226070 0.059869 0.058781
0 0.457547 0.534670 0.070755 0.075109
0 0.202195 0.319140 0.022678 0.143687
0 0.232130 0.408128 0.080733 0.158382
0 0.481132 0.458745 0.043541 0.096335
0 0.570029 0.551814 0.016328 0.119194
0 0.665523 0.635013 0.063250 0.124464
0 0.699778 0.503760 0.151221 0.094895