2 0.513208 0.500000 0.087264 0.188915
2 0.495519 0.706958 0.040094 0.097642
2 0.576297 0.750472 0.041274 0.074292
2 0.608137 0.636910 0.057783 0.118868
2 0.364033 0.753656 0.074292 0.093396
2 0.415779 0.685731 0.035018 0.076415
2 0.256132 0.686792 0.077830 0.137972
2 0.214858 0.871462 0.033019 0.048821
2 0.170637 0.922406 0.036557 0.087028
2 0.460377 0.597390 0.028302 0.055189
0 0.538208 0.574748 0.080189 0.193868
0 0.583805 0.615786 0.026730 0.264623
0 0.347091 0.662017 0.084793 0.055593
0 0.318172 0.700427 0.049416 0.075809
0 0.165507 0.803160 0.017099 0.198467
0 0.166686 0.652984 0.026533 0.059434
0 0.224764 0.616899 0.011792 0.089151