2 0.311557 0.523986 0.047170 0.093396
2 0.514399 0.620655 0.000000 0.001117
2 0.383006 0.533515 0.034136 0.043570
2 0.365318 0.450286 0.027309 0.040218
2 0.429245 0.531840 0.039722 0.062562
2 0.470209 0.512289 0.019861 0.043570
2 0.448486 0.450844 0.054618 0.119538
2 0.504345 0.459223 0.052135 0.127358
2 0.555859 0.438555 0.045929 0.081554
2 0.581616 0.392751 0.040343 0.072617
2 0.598374 0.362587 0.032895 0.043570
2 0.663522 0.377398 0.045204 0.083137
2 0.791765 0.278341 0.042256 0.058373
2 0.857606 0.386242 0.065841 0.132665
0 0.335111 0.454758 0.032814 0.082137
0 0.380230 0.356932 0.027687 0.050759
0 0.425861 0.382311 0.020509 0.057219
0 0.412531 0.399846 0.018458 0.121821
0 0.484311 0.336167 0.031788 0.042453
0 0.475595 0.370314 0.026661 0.062756
0 0.516612 0.379081 0.020509 0.035993
0 0.546862 0.338013 0.024610 0.027687
0 0.612746 0.335705 0.023072 0.048913
0 0.605568 0.291868 0.029225 0.027687
1 0.689308 0.296682 0.036164 0.090566