2 0.306250 0.447571 0.062500 0.135849
2 0.383491 0.563255 0.113208 0.218632
2 0.417099 0.401934 0.045991 0.120991
2 0.518514 0.519741 0.114387 0.254717
2 0.591038 0.453939 0.101415 0.157075
2 0.587500 0.559009 0.058962 0.120991
2 0.670047 0.527170 0.094340 0.184670
2 0.708664 0.377669 0.037239 0.075968
1 0.678307 0.323968 0.023476 0.057941
0 0.615256 0.312872 0.091236 0.060328
0 0.597042 0.401582 0.062402 0.102594
0 0.614485 0.374165 0.084513 0.033608
0 0.361930 0.401582 0.037343 0.037146
0 0.354314 0.375934 0.036851 0.031840
0 0.452585 0.386989 0.042748 0.032724