2 0.581014 0.656651 0.095519 0.171934
2 0.711321 0.565377 0.058962 0.082783
2 0.667099 0.507005 0.038915 0.084906
2 0.780307 0.490024 0.064858 0.076415
2 0.802712 0.430590 0.076651 0.106132
2 0.710141 0.323396 0.025943 0.048821
2 0.289151 0.362665 0.058962 0.097642
0 0.596015 0.511730 0.034136 0.201092
0 0.620221 0.406157 0.047790 0.043570
0 0.628910 0.371524 0.066410 0.045804
0 0.722008 0.406715 0.085030 0.044687
0 0.720457 0.455313 0.073237 0.070382
2 0.701837 0.484918 0.017378 0.044687
2 0.695010 0.427942 0.022344 0.037984