2 0.289741 0.326580 0.045991 0.072170
2 0.727241 0.392382 0.057783 0.110377
2 0.226651 0.636486 0.094340 0.203774
2 0.350097 0.469298 0.058962 0.157325
2 0.543632 0.488027 0.068674 0.097392
0 0.441315 0.531104 0.120699 0.061182
0 0.328246 0.426221 0.076304 0.158574
0 0.641440 0.389387 0.049251 0.122364
0 0.626179 0.642855 0.042314 0.314650
0 0.658088 0.694673 0.028441 0.068674
2 0.673349 0.746865 0.039539 0.048696
2 0.650111 0.850499 0.048557 0.123613
2 0.785377 0.956007 0.034684 0.074917
2 0.834906 0.963770 0.074383 0.062046
0 0.820392 0.729463 0.016328 0.102866