0 0.293868 0.343561 0.122642 0.076415
0 0.360495 0.395566 0.022406 0.142217
0 0.434198 0.381769 0.103774 0.131604
0 0.377594 0.254410 0.028302 0.067925
0 0.305660 0.157830 0.101415 0.048821
0 0.341038 0.110071 0.056604 0.059434
0 0.270283 0.095212 0.068396 0.067925
0 0.583887 0.537371 0.034841 0.122534
0 0.614172 0.427862 0.019297 0.067539
0 0.563518 0.353087 0.015545 0.053066
0 0.556550 0.451501 0.017689 0.080081
0 0.584691 0.432687 0.031089 0.081046
0 0.647674 0.335720 0.048778 0.097449
0 0.684927 0.374314 0.021441 0.116745
0 0.769007 0.550888 0.055494 0.194646
0 0.739179 0.509753 0.023585 0.092397
0 0.713166 0.358047 0.047863 0.153579
2 0.363113 0.520094 0.088679 0.148585
2 0.226513 0.151160 0.044222 0.070755
2 0.209807 0.379344 0.042256 0.102594
2 0.496266 0.451867 0.055031 0.102594
2 0.523290 0.511124 0.067807 0.118514
2 0.550314 0.569497 0.045204 0.104363
2 0.726710 0.474862 0.099253 0.152123
2 0.745873 0.591608 0.051101 0.127358
2 0.659395 0.551808 0.021619 0.068986