2 0.342217 0.543090 0.108491 0.229245
2 0.555660 0.602524 0.063679 0.186792
2 0.521462 0.481533 0.077830 0.140094
2 0.744340 0.492146 0.134434 0.216509
2 0.800354 0.579175 0.064858 0.161321
2 0.863443 0.431651 0.047170 0.120991
2 0.230778 0.325519 0.034198 0.082783
2 0.133491 0.164198 0.030660 0.070047
2 0.494929 0.358420 0.048349 0.110377
2 0.681931 0.489924 0.039963 0.073113
0 0.623952 0.438627 0.093029 0.109670
0 0.570558 0.359617 0.071410 0.149764
0 0.585954 0.360797 0.034067 0.114387
2 0.560731 0.428014 0.042584 0.081368
0 0.702732 0.313895 0.056014 0.053066
0 0.679638 0.369615 0.049135 0.122052
0 0.795597 0.382881 0.088443 0.088443
0 0.359768 0.409414 0.040291 0.137972
0 0.446246 0.306820 0.069772 0.070755
0 0.280660 0.306820 0.053066 0.045991
2 0.275255 0.342197 0.065841 0.123821