2 0.297995 0.636486 0.071934 0.106132
2 0.434198 0.755354 0.066038 0.089151
2 0.465448 0.668325 0.064858 0.195283
2 0.529127 0.675755 0.067217 0.137972
2 0.583373 0.653467 0.071934 0.106132
2 0.614623 0.578113 0.040094 0.065802
2 0.558155 0.545804 0.029171 0.052507
2 0.588878 0.522902 0.021102 0.042453
2 0.514089 0.521226 0.013034 0.023461
2 0.381269 0.474863 0.037860 0.060328
2 0.388096 0.572617 0.039101 0.081554
2 0.601291 0.374317 0.043446 0.096077
2 0.677321 0.443582 0.058962 0.091609
2 0.851687 0.429028 0.060776 0.106132
2 0.756894 0.286157 0.045356 0.078374
1 0.675254 0.274728 0.048984 0.055515
0 0.339791 0.601572 0.063455 0.087938
0 0.428796 0.661208 0.019093 0.130391
0 0.543913 0.607132 0.051662 0.042453
0 0.658187 0.357469 0.042116 0.125337
0 0.628468 0.440205 0.018036 0.096143
0 0.737186 0.363475 0.041667 0.099057
2 0.743082 0.381164 0.028302 0.021226
2 0.726572 0.412296 0.018868 0.026887