2 0.458373 0.753656 0.036557 0.080660
2 0.523231 0.752594 0.076651 0.125236
2 0.507901 0.642217 0.128538 0.188915
2 0.433019 0.383255 0.091981 0.125236
2 0.547406 0.463915 0.080189 0.137972
2 0.510849 0.352476 0.054245 0.127358
2 0.638797 0.962583 0.114387 0.074834
2 0.429324 0.182767 0.035377 0.060849
2 0.438365 0.245031 0.020440 0.058019
2 0.459198 0.259890 0.018082 0.039623
0 0.425393 0.345503 0.117138 0.043868
0 0.380975 0.545739 0.130503 0.124528
0 0.436399 0.511777 0.052673 0.104717
0 0.453076 0.641264 0.012284 0.169811
0 0.631879 0.802070 0.159198 0.064858
0 0.692151 0.929665 0.036032 0.133255
0 0.756027 0.939184 0.045860 0.121632
0 0.422563 0.444405 0.209644 0.016509