2 0.352241 0.498514 0.083726 0.144340
2 0.519104 0.428467 0.084906 0.148585
2 0.357547 0.259717 0.040094 0.112500
2 0.619693 0.232377 0.045204 0.082547
2 0.642951 0.333792 0.030136 0.077830
2 0.616418 0.318462 0.050445 0.070755
2 0.692414 0.198768 0.047825 0.071934
2 0.746495 0.145424 0.073441 0.123264
1 0.698366 0.319239 0.091813 0.128875
1 0.451988 0.193396 0.057278 0.077325
0 0.440195 0.460243 0.114555 0.074292
0 0.460411 0.359894 0.051101 0.084906
0 0.596586 0.388196 0.048293 0.028302
0 0.748329 0.261891 0.038325 0.155660