2 0.624646 0.311722 0.090802 0.144340
2 0.635849 0.460307 0.068396 0.118868
2 0.674764 0.543090 0.042453 0.106132
2 0.712500 0.627995 0.047170 0.140094
2 0.751415 0.581297 0.035377 0.093396
2 0.371108 0.724575 0.069575 0.142217
2 0.398231 0.843443 0.041274 0.036085
2 0.487264 0.820094 0.030660 0.074292
2 0.453066 0.751108 0.037736 0.076415
2 0.495519 0.737311 0.040094 0.091274
2 0.497288 0.605708 0.048349 0.099764
2 0.525261 0.600546 0.015516 0.068148
2 0.575844 0.420122 0.042205 0.062562
2 0.585154 0.487711 0.019861 0.032398
2 0.551328 0.463692 0.029171 0.031281
2 0.660253 0.123510 0.037239 0.068148
2 0.606567 0.206740 0.019240 0.042453
2 0.664287 0.286060 0.045308 0.062562
2 0.760960 0.439581 0.029134 0.054939
0 0.485780 0.348932 0.018729 0.107381
0 0.491329 0.490649 0.009018 0.123613
0 0.527053 0.438208 0.041620 0.041204
0 0.548904 0.366412 0.013180 0.127358
0 0.601970 0.202844 0.086016 0.129856
0 0.720935 0.538097 0.018729 0.121115
0 0.706715 0.456937 0.027747 0.086154
0 0.740705 0.417605 0.013873 0.034961
0 0.737068 0.493327 0.016903 0.103274