2 0.334271 0.709706 0.093433 0.238389
2 0.439042 0.805225 0.045356 0.112663
2 0.466255 0.695827 0.039913 0.096335
2 0.494376 0.682765 0.061684 0.119194
2 0.488480 0.589695 0.055334 0.106132
2 0.604590 0.454173 0.068033 0.119194
2 0.621825 0.490911 0.051705 0.117562
2 0.727504 0.615004 0.059869 0.104499
2 0.714804 0.482747 0.063498 0.091437
2 0.639706 0.314095 0.044395 0.086154
2 0.519007 0.512625 0.033296 0.046199
1 0.711848 0.302234 0.043008 0.054939
0 0.720519 0.548835 0.015954 0.066176
0 0.463513 0.484531 0.101276 0.062431
0 0.485017 0.492647 0.004162 0.136099
0 0.440275 0.625624 0.039539 0.097392
0 0.449292 0.578801 0.060350 0.096143
0 0.405591 0.694922 0.063124 0.171060
0 0.351138 0.574431 0.020810 0.097392
0 0.604717 0.401057 0.047170 0.028019