2 0.316903 0.883380 0.030660 0.067925
2 0.356997 0.850833 0.032233 0.107547
2 0.365645 0.780786 0.038522 0.058019
2 0.445047 0.675362 0.087264 0.186792
2 0.436792 0.770173 0.026730 0.048113
2 0.492610 0.596824 0.062893 0.117453
2 0.577909 0.591164 0.047956 0.077830
2 0.648664 0.600362 0.073113 0.110377
2 0.629403 0.490692 0.047170 0.083491
2 0.365252 0.639277 0.018868 0.043868
2 0.783884 0.541635 0.062107 0.142925
2 0.731997 0.636447 0.046384 0.058019
1 0.821226 0.593286 0.034591 0.076415
0 0.408137 0.700000 0.047170 0.075354
0 0.369811 0.714328 0.011792 0.101887
0 0.338267 0.615094 0.017099 0.274882
0 0.330896 0.820460 0.023585 0.097642
0 0.457665 0.465979 0.091981 0.089151
2 0.516038 0.420873 0.027123 0.045637
0 0.414033 0.564682 0.023585 0.057311
0 0.618977 0.552914 0.063595 0.035630
0 0.809089 0.439050 0.034114 0.099309
0 0.747178 0.450042 0.060226 0.078841
0 0.694744 0.486430 0.040431 0.159198
0 0.679582 0.461034 0.029481 0.135697
0 0.854363 0.383182 0.039459 0.049800
2 0.861921 0.458158 0.046098 0.094554
0 0.836728 0.576833 0.055746 0.102273