2 0.404127 0.646038 0.081368 0.180425
2 0.467807 0.651344 0.064858 0.110377
2 0.227830 0.659835 0.049528 0.093396
2 0.276769 0.607830 0.062500 0.108255
2 0.307429 0.560071 0.036557 0.080660
2 0.339858 0.473042 0.028302 0.042453
2 0.543278 0.492146 0.048349 0.097642
2 0.490802 0.492146 0.025943 0.042453
2 0.607036 0.503821 0.062657 0.099764
2 0.720165 0.459245 0.053066 0.095519
2 0.667689 0.418915 0.042453 0.048821
2 0.836321 0.461368 0.044811 0.065802
2 0.837500 0.551580 0.054245 0.114623
2 0.858137 0.354175 0.038915 0.084906
1 0.776688 0.331418 0.034757 0.053625
1 0.765516 0.449280 0.027309 0.045804
1 0.560886 0.376663 0.032895 0.050273
0 0.437066 0.515194 0.083168 0.070382
0 0.354104 0.516019 0.017453 0.041604
0 0.583053 0.427819 0.028639 0.070755
0 0.656896 0.466229 0.028077 0.070755
0 0.674865 0.504638 0.048293 0.048518