2 0.378774 0.674693 0.066038 0.097642
2 0.621698 0.528231 0.084906 0.165566
2 0.586910 0.542028 0.062500 0.065802
2 0.698349 0.461368 0.047170 0.082783
2 0.804481 0.477288 0.063679 0.101887
2 0.602628 0.190731 0.059367 0.080660
2 0.555071 0.383891 0.119104 0.135849
2 0.482547 0.451816 0.080189 0.144340
2 0.449528 0.498514 0.054245 0.076415
2 0.269693 0.556887 0.064858 0.154953
2 0.169458 0.642854 0.027123 0.063679
2 0.146462 0.590849 0.113208 0.163443
2 0.468396 0.184363 0.103774 0.144340
2 0.482547 0.240613 0.035377 0.070047
0 0.742251 0.371546 0.101078 0.139488
0 0.714033 0.407935 0.022743 0.078841
0 0.406166 0.421580 0.057278 0.103100
0 0.340044 0.417032 0.059805 0.118261
0 0.348046 0.592908 0.040431 0.118261
0 0.288662 0.432193 0.027796 0.087938
0 0.476499 0.310142 0.064858 0.065195
0 0.545569 0.204768 0.081705 0.045485