2 0.260259 0.516557 0.093160 0.163443
2 0.606958 0.453939 0.130896 0.182547
2 0.698939 0.695920 0.112028 0.258962
2 0.664741 0.536722 0.064858 0.097642
2 0.516156 0.603585 0.090802 0.167689
2 0.491981 0.349929 0.068396 0.127358
2 0.622877 0.238491 0.042453 0.095519
2 0.768514 0.387075 0.055425 0.112500
2 0.370519 0.555825 0.075472 0.174057
1 0.328374 0.308527 0.063498 0.083273
1 0.299800 0.513443 0.055334 0.078374
0 0.438135 0.394249 0.048984 0.075109
0 0.577377 0.301996 0.075290 0.109398
0 0.830914 0.441600 0.087083 0.048984