2 0.252594 0.533538 0.091981 0.159198
2 0.181250 0.758538 0.055425 0.087028
2 0.138208 0.712901 0.049528 0.106132
2 0.540920 0.779764 0.050708 0.078538
2 0.747877 0.707594 0.047170 0.099764
2 0.670637 0.767028 0.027123 0.082783
2 0.701297 0.787193 0.031840 0.059434
2 0.632311 0.786132 0.047170 0.099764
2 0.593986 0.616321 0.048349 0.087028
2 0.381722 0.168443 0.038915 0.070047
2 0.359906 0.330825 0.033019 0.063679
1 0.593816 0.717518 0.051101 0.080189
0 0.674397 0.703957 0.013103 0.071934
0 0.693396 0.731080 0.017034 0.079009
0 0.421089 0.266136 0.069772 0.148585
0 0.134670 0.634788 0.023585 0.106132
0 0.138797 0.562618 0.067217 0.046698