2 0.611085 0.657712 0.087264 0.174057
2 0.528538 0.752170 0.066038 0.159198
1 0.655307 0.658774 0.038915 0.104009
1 0.263797 0.265024 0.055425 0.084906
2 0.272052 0.275637 0.027123 0.063679
2 0.148821 0.462429 0.073113 0.131604
2 0.144104 0.636486 0.051887 0.106132
2 0.290330 0.379646 0.023585 0.042453
2 0.229009 0.430590 0.033019 0.046698
2 0.391745 0.453939 0.082547 0.093396
2 0.505542 0.406179 0.048349 0.108255
2 0.545047 0.399811 0.033019 0.057311
0 0.463854 0.505517 0.090751 0.059988
0 0.553579 0.583501 0.056911 0.053527
0 0.531532 0.481522 0.021021 0.100595