2 0.236085 0.492146 0.094340 0.152830
2 0.611675 0.716085 0.104953 0.222877
2 0.355778 0.370094 0.088443 0.125236
2 0.373467 0.227877 0.038915 0.129481
2 0.582193 0.280943 0.093160 0.116745
2 0.820991 0.286250 0.084906 0.152830
0 0.600472 0.561132 0.051887 0.150708
0 0.627005 0.462429 0.069575 0.063679
0 0.748467 0.367972 0.097877 0.104009
1 0.699528 0.292618 0.058962 0.076415
2 0.435967 0.183302 0.053066 0.108255
0 0.532513 0.436742 0.042116 0.045485
0 0.444912 0.382918 0.104447 0.074292
0 0.478605 0.307867 0.072439 0.157682
0 0.545991 0.354869 0.052224 0.090970