2 0.265566 0.231061 0.087264 0.161321
2 0.224882 0.500637 0.074292 0.140094
2 0.316274 0.523986 0.033019 0.110377
2 0.230778 0.339316 0.060142 0.089151
2 0.430660 0.571745 0.075472 0.129481
2 0.418278 0.687429 0.081368 0.127358
2 0.545047 0.647099 0.091981 0.216509
2 0.828656 0.471981 0.074292 0.104009
1 0.743160 0.359481 0.033019 0.070047
1 0.476651 0.342500 0.094340 0.163443
0 0.363443 0.340377 0.094340 0.027594
0 0.374646 0.283066 0.088443 0.099764
0 0.427123 0.432712 0.025943 0.093396
0 0.489033 0.509127 0.062500 0.050943
0 0.750825 0.451816 0.088443 0.050943