2 0.566863 0.497453 0.100236 0.180425
2 0.839858 0.302170 0.066038 0.108255
2 0.418278 0.147217 0.076651 0.137972
2 0.426533 0.200283 0.057783 0.091274
2 0.322170 0.117500 0.054245 0.078538
2 0.214858 0.255472 0.084906 0.188915
2 0.294458 0.322335 0.074292 0.084906
1 0.720755 0.233184 0.025943 0.055189
0 0.773231 0.342500 0.097877 0.053066
0 0.514387 0.255472 0.056604 0.188915
0 0.488443 0.294741 0.099057 0.191038
0 0.350472 0.228939 0.040094 0.144340
0 0.414151 0.375401 0.014151 0.050943
0 0.351061 0.438019 0.088443 0.074292
0 0.411792 0.276698 0.030660 0.070047