2 0.427123 0.681061 0.101415 0.182547
2 0.309788 0.674693 0.095519 0.199528
2 0.209552 0.463491 0.038915 0.078538
2 0.430660 0.523986 0.049528 0.106132
2 0.523821 0.513373 0.063679 0.097642
2 0.743160 0.225755 0.051887 0.095519
2 0.355189 0.380708 0.018868 0.040330
0 0.322170 0.532476 0.025943 0.144340
0 0.598703 0.387075 0.048349 0.074292
0 0.691274 0.291557 0.066038 0.087028
0 0.450118 0.433774 0.043632 0.120991
0 0.479599 0.497453 0.050708 0.027594
0 0.386439 0.475165 0.050708 0.089151
0 0.284434 0.415731 0.084906 0.042453