1 0.428891 0.526108 0.081368 0.148585
2 0.547995 0.423160 0.074292 0.129481
2 0.654717 0.923042 0.073113 0.110377
2 0.545047 0.813726 0.066038 0.112500
1 0.652948 0.742618 0.123821 0.208019
2 0.462500 0.759599 0.061321 0.157075
2 0.526179 0.691675 0.054245 0.114623
2 0.419222 0.646764 0.067479 0.108491
0 0.580818 0.568522 0.033019 0.123113
0 0.639387 0.839513 0.030660 0.096226
0 0.570991 0.718522 0.036950 0.114623
0 0.485299 0.533145 0.069969 0.241981
0 0.521069 0.579843 0.050314 0.140094
0 0.484513 0.566399 0.090409 0.101887