1 0.440094 0.440141 0.066038 0.112500
1 0.450708 0.623750 0.042453 0.089151
2 0.577476 0.308538 0.022406 0.065802
2 0.655896 0.305354 0.047170 0.080660
2 0.626415 0.321274 0.030660 0.057311
2 0.551533 0.540967 0.045991 0.093396
2 0.606368 0.571745 0.042453 0.087028
2 0.507311 0.681061 0.042453 0.072170
2 0.495058 0.556593 0.019093 0.050539
2 0.471193 0.586916 0.026393 0.038410
0 0.402965 0.583378 0.070755 0.043464
0 0.567498 0.500494 0.049416 0.089960
0 0.515836 0.416094 0.042677 0.062668
0 0.478774 0.654133 0.033693 0.043464