2 0.411792 0.700165 0.091981 0.258962
2 0.477830 0.674693 0.077830 0.148585
2 0.267925 0.442264 0.056604 0.082783
2 0.335731 0.410425 0.038915 0.082783
2 0.552712 0.500637 0.045991 0.067925
2 0.645873 0.445448 0.079009 0.152830
2 0.828656 0.230000 0.071934 0.120991
1 0.733726 0.278821 0.063679 0.082783
0 0.400747 0.471895 0.103184 0.117630
0 0.502702 0.451995 0.069281 0.068986
0 0.609884 0.347298 0.051458 0.080081
2 0.587103 0.284584 0.043418 0.078152
0 0.755896 0.355924 0.118618 0.162320
0 0.731964 0.334073 0.008324 0.068674
0 0.750000 0.322836 0.009711 0.053690