2 0.461321 0.276698 0.084906 0.142217
2 0.672406 0.404057 0.035377 0.082783
2 0.698939 0.503821 0.064858 0.116745
2 0.697170 0.667264 0.063679 0.112500
2 0.654717 0.605708 0.101415 0.137972
2 0.570991 0.540967 0.084906 0.178302
2 0.409434 0.396627 0.061321 0.118868
2 0.417689 0.504882 0.033019 0.101887
2 0.560967 0.377524 0.045991 0.114623
1 0.488443 0.430590 0.056604 0.106132
0 0.623297 0.451599 0.073375 0.093160
0 0.642623 0.527660 0.081892 0.049528
0 0.468357 0.532966 0.038653 0.126179
0 0.458857 0.442165 0.014413 0.222877