2 0.523231 0.727759 0.055425 0.114623
2 0.562409 0.764895 0.047170 0.094702
2 0.657656 0.809797 0.067126 0.171444
2 0.679880 0.570591 0.086176 0.179608
2 0.791001 0.493850 0.038099 0.058781
2 0.448567 0.508545 0.031749 0.111030
0 0.552885 0.601615 0.058962 0.189405
0 0.600508 0.604880 0.068940 0.267779
0 0.652213 0.610595 0.023585 0.285740
0 0.631803 0.393433 0.024492 0.109398
0 0.596426 0.428538 0.028120 0.143687
0 0.513879 0.497932 0.120646 0.044086
0 0.613208 0.257094 0.032656 0.084906
0 0.722061 0.473440 0.119739 0.073476