2 0.351651 0.636486 0.089623 0.216509
2 0.341038 0.425283 0.051887 0.116745
2 0.585731 0.554764 0.071934 0.188915
2 0.543868 0.438019 0.077830 0.129481
2 0.499646 0.185425 0.057783 0.104009
2 0.449528 0.326580 0.047170 0.063679
2 0.733137 0.321274 0.038915 0.053066
2 0.688915 0.421038 0.047170 0.095519
2 0.769104 0.513373 0.082547 0.106132
1 0.452904 0.215920 0.027270 0.057046
0 0.478331 0.306132 0.035377 0.189711
0 0.697229 0.345268 0.054540 0.018573
0 0.727447 0.479923 0.048644 0.067659
0 0.493809 0.434817 0.051592 0.041126
0 0.385097 0.509110 0.033166 0.107459