1 0.378184 0.575354 0.121462 0.203774
1 0.620519 0.230425 0.063679 0.104009
1 0.633491 0.328066 0.068396 0.142217
1 0.779717 0.386439 0.122642 0.212264
2 0.492676 0.487711 0.074479 0.132944
2 0.460092 0.731256 0.068893 0.139647
2 0.561569 0.439672 0.039722 0.074851
2 0.618359 0.433528 0.058962 0.120655
2 0.616497 0.540777 0.045308 0.125124
2 0.676390 0.544129 0.050894 0.156405
2 0.535191 0.520109 0.036619 0.101663
0 0.679494 0.437438 0.026068 0.103898
0 0.699665 0.284384 0.010551 0.146351
0 0.439990 0.634617 0.030136 0.100236