2 0.540330 0.594458 0.087264 0.186792
2 0.631132 0.583844 0.049528 0.123113
2 0.470755 0.523349 0.030660 0.082783
2 0.190094 0.318514 0.061321 0.110377
2 0.646462 0.362028 0.042453 0.074292
2 0.787382 0.489387 0.053066 0.087028
2 0.846934 0.599764 0.042453 0.176179
2 0.685377 0.070165 0.066038 0.110377
2 0.695991 0.211321 0.033019 0.087028
0 0.589269 0.488325 0.064858 0.127358
0 0.521462 0.450118 0.023585 0.165566
0 0.631722 0.278184 0.104953 0.106132
0 0.585731 0.345047 0.088443 0.040330
0 0.864623 0.412972 0.068396 0.036085
0 0.829835 0.470283 0.020047 0.176179