1 0.404717 0.362665 0.054245 0.135849
2 0.570401 0.266085 0.057783 0.104009
2 0.743160 0.334009 0.051887 0.070047
2 0.767925 0.680000 0.143868 0.193160
2 0.790920 0.574929 0.045991 0.093396
2 0.533255 0.412547 0.051887 0.057311
2 0.468396 0.375401 0.042453 0.084906
2 0.418278 0.211958 0.034198 0.063679
2 0.396462 0.261840 0.037736 0.057311
2 0.303302 0.317028 0.073113 0.108255
1 0.639387 0.415731 0.044811 0.072170
0 0.661792 0.634363 0.129717 0.038208
0 0.644104 0.683184 0.136792 0.055189
0 0.569222 0.603585 0.020047 0.099764
0 0.698939 0.367972 0.060142 0.040330
0 0.565684 0.382830 0.015330 0.167689
0 0.378774 0.408302 0.106132 0.116745
0 0.470755 0.492146 0.033019 0.067925