1 0.6638655462184874 0.7091954022988506 0.1411764705882353 0.18160919540229886
1 0.3453781512605042 0.8586206896551725 0.16638655462184873 0.2045977011494253
1 0.18067226890756302 0.5287356321839081 0.12605042016806722 0.15172413793103448
1 0.09747899159663866 0.603448275862069 0.10420168067226891 0.12183908045977011
1 0.31848739495798317 0.5655172413793104 0.1092436974789916 0.10574712643678161
1 0.7226890756302521 0.28390804597701147 0.08739495798319327 0.08505747126436781
1 0.9546218487394958 0.25057471264367814 0.047058823529411764 0.08275862068965517
1 0.6142857142857143 0.46091954022988507 0.10588235294117647 0.09885057471264368
2 0.5563025210084034 0.3873563218390805 0.13445378151260504 0.15402298850574714
1 0.4436974789915966 0.7298850574712644 0.10420168067226891 0.1310344827586207
1 0.33613445378151263 0.6977011494252874 0.07394957983193277 0.11264367816091954
1 0.8033613445378152 0.2988505747126437 0.0773109243697479 0.08735632183908046
1 0.726890756302521 0.4149425287356322 0.07899159663865546 0.10344827586206896
1 0.880672268907563 0.37701149425287356 0.040336134453781515 0.04597701149425287