1 0.37364620938628157 0.3233333333333333 0.1407942238267148 0.18666666666666668
1 0.24187725631768953 0.33166666666666667 0.1444043321299639 0.20333333333333334
1 0.779783393501805 0.17333333333333334 0.1371841155234657 0.12
1 0.8971119133574007 0.3516666666666667 0.18411552346570398 0.37666666666666665
1 0.9205776173285198 0.28833333333333333 0.15162454873646208 0.23
1 0.7382671480144405 0.8066666666666666 0.1552346570397112 0.22
1 0.4548736462093863 0.43833333333333335 0.16606498194945848 0.19
1 0.08664259927797834 0.67 0.1444043321299639 0.3
1 0.6660649819494585 0.37833333333333335 0.22021660649819494 0.31
1 0.8953068592057761 0.455 0.17328519855595667 0.22333333333333333
1 0.3664259927797834 0.7666666666666667 0.1624548736462094 0.24
1 0.20938628158844766 0.515 0.12274368231046931 0.13
1 0.19494584837545126 0.15833333333333333 0.1371841155234657 0.18333333333333332
2 0.4314079422382672 0.125 0.148014440433213 0.13
1 0.43501805054151627 0.575 0.17689530685920576 0.20333333333333334
1 0.2111913357400722 0.76 0.1263537906137184 0.19333333333333333
1 0.259927797833935 0.6416666666666667 0.1588447653429603 0.18333333333333332
2 0.575812274368231 0.8433333333333334 0.13357400722021662 0.12