0 0.8627551020408163 0.7816326530612245 0.16224489795918368 0.21904761904761905
0 0.7290816326530613 0.810204081632653 0.16224489795918368 0.1891156462585034
0 0.5887755102040816 0.8122448979591836 0.15510204081632653 0.17414965986394557
0 0.43673469387755104 0.8142857142857143 0.15306122448979592 0.18095238095238095
0 0.29744897959183675 0.8210884353741497 0.12959183673469388 0.17006802721088435
0 0.14846938775510204 0.8244897959183674 0.17244897959183675 0.13333333333333333
0 0.838265306122449 0.6353741496598639 0.17244897959183675 0.12244897959183673
0 0.7066326530612245 0.6346938775510204 0.1357142857142857 0.1510204081632653
0 0.588265306122449 0.6517006802721088 0.15 0.1469387755102041
0 0.45051020408163267 0.6353741496598639 0.1663265306122449 0.18231292517006803
0 0.32653061224489793 0.6605442176870748 0.15306122448979592 0.1564625850340136
0 0.17857142857142858 0.672108843537415 0.17346938775510204 0.14421768707482993
0 0.18571428571428572 0.5176870748299319 0.15510204081632653 0.17006802721088435
0 0.32857142857142857 0.5034013605442177 0.15306122448979592 0.13333333333333333
0 0.45663265306122447 0.4857142857142857 0.12959183673469388 0.14965986394557823
0 0.576530612244898 0.4925170068027211 0.16326530612244897 0.16870748299319727
0 0.7122448979591837 0.5 0.15714285714285714 0.1564625850340136
0 0.8331632653061225 0.4891156462585034 0.1357142857142857 0.15374149659863945
0 0.8183673469387756 0.3598639455782313 0.13877551020408163 0.11292517006802721
0 0.6862244897959183 0.35714285714285715 0.14795918367346939 0.1292517006802721
0 0.5709183673469388 0.3469387755102041 0.14183673469387756 0.1306122448979592
0 0.46224489795918366 0.3904761904761905 0.14489795918367346 0.12789115646258503
0 0.33010204081632655 0.3843537414965986 0.14591836734693878 0.1619047619047619
0 0.21479591836734693 0.39931972789115644 0.1540816326530612 0.1564625850340136
0 0.22448979591836735 0.2646258503401361 0.12857142857142856 0.13741496598639455
0 0.3576530612244898 0.2578231292517007 0.17857142857142858 0.14829931972789115
0 0.4872448979591837 0.2598639455782313 0.12551020408163266 0.14421768707482993
0 0.5923469387755103 0.23673469387755103 0.12959183673469388 0.13333333333333333
0 0.6933673469387756 0.23809523809523808 0.14591836734693878 0.14421768707482993
0 0.8061224489795918 0.2503401360544218 0.09795918367346938 0.11972789115646258