0 0.843 0.8380434782608696 0.142 0.1673913043478261
0 0.602 0.8565217391304348 0.176 0.1608695652173913
0 0.195 0.4641304347826087 0.114 0.09347826086956522
0 0.579 0.5260869565217391 0.042 0.06086956521739131
1 0.693 0.5108695652173914 0.054 0.05217391304347826
0 0.088 0.883695652173913 0.064 0.09347826086956522
0 0.343 0.9467391304347826 0.07 0.06739130434782609
0 0.28 0.9195652173913044 0.084 0.08695652173913043
0 0.206 0.9108695652173913 0.06 0.07391304347826087
0 0.939 0.9217391304347826 0.07 0.09130434782608696
0 0.81 0.44456521739130433 0.064 0.06304347826086956
0 0.567 0.325 0.09 0.07608695652173914
0 0.938 0.27391304347826084 0.044 0.043478260869565216