0 0.6234177215189873 0.2800751879699248 0.27637130801687765 0.4699248120300752
0 0.21835443037974683 0.6090225563909775 0.2679324894514768 0.5939849624060151
0 0.49156118143459915 0.6973684210526315 0.2911392405063291 0.5225563909774437
0 0.07911392405063292 0.7180451127819549 0.14556962025316456 0.42105263157894735
0 0.05485232067510549 0.24812030075187969 0.10548523206751055 0.48120300751879697
0 0.9483122362869199 0.5112781954887218 0.0949367088607595 0.41353383458646614
0 0.40189873417721517 0.33646616541353386 0.1751054852320675 0.31954887218045114
0 0.18670886075949367 0.9210526315789473 0.13291139240506328 0.13533834586466165
0 0.310126582278481 0.849624060150376 0.16455696202531644 0.24060150375939848
0 0.23417721518987342 0.18421052631578946 0.28270042194092826 0.3458646616541353
0 0.8639240506329114 0.17669172932330826 0.25949367088607594 0.3533834586466165
0 0.6835443037974683 0.8890977443609023 0.17721518987341772 0.19924812030075187
0 0.7710970464135021 0.6372180451127819 0.23417721518987342 0.5300751879699248
0 0.49156118143459915 0.08646616541353383 0.21940928270042195 0.16541353383458646
0 0.8649789029535865 0.6334586466165414 0.14767932489451477 0.2744360902255639
0 0.8945147679324894 0.8966165413533834 0.1940928270042194 0.18421052631578946
0 0.8291139240506329 0.6541353383458647 0.20675105485232068 0.40601503759398494