1 0.659634317862166 0.0525328330206379 0.07032348804500703 0.1050656660412758
1 0.36146272855133615 0.3968105065666041 0.16033755274261605 0.2045028142589118
1 0.4838255977496484 0.5225140712945591 0.14064697609001406 0.2045028142589118
1 0.3009845288326301 0.848968105065666 0.1940928270042194 0.25328330206378985
1 0.2320675105485232 0.2870544090056285 0.090014064697609 0.19136960600375236
1 0.20534458509142053 0.7363977485928705 0.1631504922644163 0.20075046904315197
1 0.058368495077355836 0.24296435272045028 0.11673699015471167 0.3058161350844278
1 0.6455696202531646 0.3452157598499062 0.23628691983122363 0.2589118198874296
1 0.36146272855133615 0.5928705440900562 0.15752461322081576 0.18761726078799248
1 0.09071729957805907 0.4474671669793621 0.11673699015471167 0.16322701688555347
2 0.8150492264416315 0.16604127579737335 0.18706047819971872 0.20075046904315197
2 0.650492264416315 0.34803001876172607 0.26019690576652604 0.30956848030018763