0 0.18037974683544303 0.8412162162162162 0.20464135021097046 0.3108108108108108
0 0.8744725738396625 0.5489864864864865 0.18354430379746836 0.28040540540540543
0 0.6170886075949367 0.5540540540540541 0.2088607594936709 0.38513513513513514
0 0.3860759493670886 0.8817567567567568 0.21940928270042195 0.22972972972972974
0 0.9177215189873418 0.9408783783783784 0.16033755274261605 0.11148648648648649
0 0.45464135021097046 0.32432432432432434 0.20464135021097046 0.3310810810810811
0 0.2109704641350211 0.5405405405405406 0.1940928270042194 0.3310810810810811
0 0.2911392405063291 0.33952702702702703 0.16455696202531644 0.34797297297297297
0 0.41350210970464135 0.6233108108108109 0.2489451476793249 0.34121621621621623
0 0.6318565400843882 0.8581081081081081 0.29324894514767935 0.27702702702702703
0 0.07278481012658228 0.5726351351351351 0.1371308016877637 0.26013513513513514
0 0.6867088607594937 0.36486486486486486 0.25949367088607594 0.4189189189189189
0 0.05590717299578059 0.9341216216216216 0.0949367088607595 0.125
0 0.8386075949367089 0.7719594594594594 0.31856540084388185 0.36824324324324326
0 0.060126582278481014 0.7787162162162162 0.11181434599156118 0.2668918918918919