0 0.21518987341772153 0.753968253968254 0.14767932489451477 0.3333333333333333
0 0.7236286919831224 0.2777777777777778 0.10970464135021098 0.3439153439153439
0 0.8660337552742616 0.24338624338624337 0.12447257383966245 0.30687830687830686
0 0.6023206751054853 0.13227513227513227 0.14556962025316456 0.26455026455026454
0 0.33438818565400846 0.8121693121693122 0.14556962025316456 0.3544973544973545
0 0.25949367088607594 0.42857142857142855 0.1308016877637131 0.31746031746031744
0 0.439873417721519 0.701058201058201 0.12025316455696203 0.3862433862433862
0 0.4989451476793249 0.6534391534391535 0.07805907172995781 0.36507936507936506
0 0.5875527426160337 0.3888888888888889 0.1160337552742616 0.291005291005291
0 0.5327004219409283 0.4894179894179894 0.10759493670886076 0.291005291005291
0 0.6550632911392406 0.3941798941798942 0.09071729957805907 0.2698412698412698
0 0.880801687763713 0.1349206349206349 0.15822784810126583 0.2698412698412698
0 0.7521097046413502 0.1164021164021164 0.09071729957805907 0.2328042328042328
0 0.3829113924050633 0.31216931216931215 0.09915611814345991 0.2222222222222222