0 0.22908163265306122 0.8884353741496599 0.14387755102040817 0.18775510204081633
0 0.8362244897959183 0.5095238095238095 0.15 0.18639455782312925
0 0.7658163265306123 0.7115646258503401 0.13163265306122449 0.20136054421768707
0 0.6295918367346939 0.7639455782312925 0.14489795918367346 0.20816326530612245
0 0.35918367346938773 0.8693877551020408 0.13673469387755102 0.21224489795918366
0 0.6994897959183674 0.5666666666666667 0.1336734693877551 0.1782312925170068
0 0.5755102040816327 0.5904761904761905 0.1346938775510204 0.20680272108843537
0 0.4897959183673469 0.819047619047619 0.1346938775510204 0.21496598639455783
0 0.7331632653061224 0.2673469387755102 0.12959183673469388 0.1673469387755102
0 0.42142857142857143 0.5156462585034014 0.12857142857142856 0.20408163265306123
0 0.5826530612244898 0.21700680272108844 0.14081632653061224 0.1727891156462585
0 0.2229591836734694 0.763265306122449 0.1377551020408163 0.16870748299319727
0 0.44948979591836735 0.682312925170068 0.12551020408163266 0.18639455782312925
0 0.7826530612244897 0.3768707482993197 0.12857142857142856 0.19319727891156463
0 0.3377551020408163 0.7224489795918367 0.11020408163265306 0.17959183673469387
0 0.6581632653061225 0.4231292517006803 0.1326530612244898 0.15510204081632653
0 0.30306122448979594 0.5836734693877551 0.11632653061224489 0.18503401360544217
0 0.6147959183673469 0.3108843537414966 0.11734693877551021 0.18095238095238095
0 0.19285714285714287 0.6319727891156462 0.11020408163265306 0.1727891156462585
0 0.3892857142857143 0.39727891156462586 0.10510204081632653 0.16870748299319727
0 0.9030612244897959 0.6537414965986394 0.15714285714285714 0.18639455782312925
0 0.19081632653061226 0.508843537414966 0.10204081632653061 0.1469387755102041
0 0.2576530612244898 0.3442176870748299 0.12142857142857143 0.17142857142857143
0 0.4586734693877551 0.2673469387755102 0.11326530612244898 0.13741496598639455
0 0.2872448979591837 0.45782312925170066 0.09897959183673469 0.1673469387755102
0 0.5010204081632653 0.37551020408163266 0.11632653061224489 0.12789115646258503
0 0.5403061224489796 0.47346938775510206 0.10918367346938776 0.17959183673469387
0 0.6948979591836735 0.14421768707482993 0.11224489795918367 0.1523809523809524
0 0.36275510204081635 0.2979591836734694 0.09897959183673469 0.15510204081632653
0 0.1663265306122449 0.4034013605442177 0.09795918367346938 0.15374149659863945