0 0.5833333333333334 0.78625 0.14444444444444443 0.1875
0 0.2898148148148148 0.74 0.1537037037037037 0.25
0 0.10833333333333334 0.65 0.1425925925925926 0.18
0 0.4203703703703704 0.81125 0.15925925925925927 0.2375
0 0.1648148148148148 0.79625 0.14814814814814814 0.2475
0 0.4666666666666667 0.63625 0.15555555555555556 0.2875
0 0.5814814814814815 0.28875 0.17407407407407408 0.2475
0 0.6703703703703704 0.655 0.11481481481481481 0.225
0 0.33796296296296297 0.56 0.11666666666666667 0.195
1 0.20092592592592592 0.38 0.09444444444444444 0.145
1 0.4111111111111111 0.1425 0.0962962962962963 0.115
1 0.27314814814814814 0.49125 0.06111111111111111 0.1025
1 0.37037037037037035 0.375 0.07037037037037037 0.12
1 0.7675925925925926 0.775 0.09444444444444444 0.11
0 0.9342592592592592 0.81 0.12777777777777777 0.2