0 0.7204641350210971 0.7871621621621622 0.339662447257384 0.3108108108108108
0 0.2848101265822785 0.9121621621621622 0.20253164556962025 0.16891891891891891
0 0.6244725738396625 0.47297297297297297 0.22362869198312235 0.34459459459459457
0 0.10759493670886076 0.8226351351351351 0.16455696202531644 0.3141891891891892
0 0.22468354430379747 0.714527027027027 0.21308016877637131 0.32094594594594594
0 0.4166666666666667 0.3885135135135135 0.1962025316455696 0.36486486486486486
0 0.45042194092827004 0.6722972972972973 0.2468354430379747 0.35135135135135137
0 0.8396624472573839 0.581081081081081 0.31645569620253167 0.34459459459459457
0 0.2478902953586498 0.44932432432432434 0.19198312236286919 0.38513513513513514
0 0.49156118143459915 0.902027027027027 0.22784810126582278 0.1891891891891892
0 0.6371308016877637 0.24493243243243243 0.28270042194092826 0.3614864864864865
0 0.8681434599156118 0.3277027027027027 0.20042194092827004 0.23648648648648649