0 0.07777777777777778 0.3244444444444444 0.13777777777777778 0.21333333333333335
0 0.10888888888888888 0.5288888888888889 0.19111111111111112 0.20444444444444446
0 0.2288888888888889 0.48444444444444446 0.18222222222222223 0.3111111111111111
0 0.37333333333333335 0.47555555555555556 0.24888888888888888 0.27555555555555555
0 0.8444444444444444 0.35777777777777775 0.3022222222222222 0.29777777777777775
1 0.9111111111111111 0.6533333333333333 0.1688888888888889 0.2311111111111111
1 0.6355555555555555 0.8444444444444444 0.18666666666666668 0.18666666666666668
1 0.84 0.8311111111111111 0.14222222222222222 0.1688888888888889
1 0.07333333333333333 0.32222222222222224 0.13777777777777778 0.22666666666666666
1 0.6911111111111111 0.4688888888888889 0.21777777777777776 0.2
1 0.48 0.6777777777777778 0.28444444444444444 0.28888888888888886
1 0.10444444444444445 0.5222222222222223 0.19111111111111112 0.2088888888888889
1 0.3688888888888889 0.4666666666666667 0.24888888888888888 0.27555555555555555