0 0.7333333333333333 0.81875 0.21333333333333335 0.3125
0 0.15416666666666667 0.38125 0.215 0.3225
0 0.5316666666666666 0.08375 0.11 0.1675
0 0.09666666666666666 0.60125 0.19 0.3325
0 0.2833333333333333 0.59375 0.23 0.3075
0 0.73 0.30625 0.21666666666666667 0.2625
0 0.24583333333333332 0.84375 0.17166666666666666 0.2575
0 0.925 0.83625 0.13 0.3075
0 0.4275 0.82 0.17166666666666666 0.295
0 0.25333333333333335 0.06125 0.10666666666666667 0.1225
0 0.0875 0.82375 0.165 0.3075
0 0.5425 0.26875 0.165 0.2425
0 0.7033333333333334 0.5375 0.22333333333333333 0.27
0 0.4891666666666667 0.57375 0.19166666666666668 0.3875
0 0.4058333333333333 0.1025 0.185 0.2
0 0.9075 0.36875 0.165 0.2675
0 0.04833333333333333 0.16 0.09333333333333334 0.32
0 0.6041666666666666 0.8875 0.265 0.205
0 0.9258333333333333 0.49875 0.13833333333333334 0.2775
0 0.8241666666666667 0.095 0.13166666666666665 0.19
0 0.6783333333333333 0.1 0.19333333333333333 0.2
0 0.8275 0.6425 0.135 0.295
0 0.14083333333333334 0.1025 0.14166666666666666 0.205
0 0.36583333333333334 0.30875 0.225 0.2875
0 0.6416666666666667 0.56875 0.13333333333333333 0.2525
0 0.9383333333333334 0.11125 0.11 0.2125