0 0.3665 0.27886323268206037 0.309 0.522202486678508
0 0.1875 0.7309058614564832 0.309 0.47424511545293074
0 0.046 0.5186500888099467 0.088 0.39431616341030196
0 0.492 0.738898756660746 0.29 0.4689165186500888
0 0.932 0.10657193605683836 0.128 0.1989342806394316
0 0.8785 0.7975133214920072 0.231 0.3623445825932504
0 0.6665 0.29928952042628776 0.257 0.45293072824156305
1 0.937 0.10479573712255773 0.122 0.1989342806394316
1 0.638 0.8880994671403197 0.198 0.216696269982238
1 0.605 0.23357015985790408 0.198 0.325044404973357
1 0.805 0.6012433392539964 0.192 0.2753108348134991
1 0.0545 0.8863232682060391 0.107 0.22735346358792186