0 0.663444639718805 0.11528822055137844 0.3391915641476274 0.23057644110275688
0 0.2100175746924429 0.2882205513784461 0.21616871704745166 0.2656641604010025
0 0.6678383128295254 0.45363408521303256 0.18629173989455183 0.2556390977443609
0 0.8321616871704746 0.3032581453634085 0.19507908611599298 0.2807017543859649
0 0.5474516695957821 0.7581453634085213 0.2478031634446397 0.2781954887218045
0 0.218804920913884 0.7506265664160401 0.23725834797891038 0.2832080200501253
0 0.1634446397188049 0.5150375939849624 0.19332161687170474 0.22305764411027568
0 0.39806678383128297 0.39223057644110276 0.14586994727592267 0.23809523809523808
0 0.05711775043936731 0.2781954887218045 0.11072056239015818 0.22556390977443608
0 0.5219683655536028 0.22681704260651628 0.1546572934973638 0.3383458646616541
0 0.8717047451669596 0.6679197994987469 0.15114235500878734 0.21804511278195488
0 0.7275922671353251 0.6265664160401002 0.16520210896309315 0.2556390977443609
0 0.8576449912126538 0.4799498746867168 0.19332161687170474 0.19799498746867167
0 0.6581722319859402 0.9035087719298246 0.18101933216168717 0.18796992481203006
0 0.4797891036906854 0.9385964912280702 0.17926186291739896 0.11779448621553884
0 0.3945518453427065 0.6102756892230576 0.15289982425307558 0.22305764411027568
0 0.5061511423550088 0.5162907268170426 0.1335676625659051 0.22556390977443608
0 0.3927943760984183 0.14661654135338345 0.18101933216168717 0.23308270676691728
0 0.36115992970123023 0.8170426065162907 0.13181019332161686 0.23558897243107768
0 0.10984182776801406 0.7005012531328321 0.10720562390158173 0.21804511278195488
0 0.29437609841827767 0.924812030075188 0.23022847100175747 0.14536340852130325
0 0.7961335676625659 0.8471177944862155 0.1335676625659051 0.12531328320802004