0 0.638 0.27175843694493784 0.32 0.5150976909413855
1 0.3925 0.22202486678507993 0.191 0.31261101243339257
0 0.317 0.30817051509769094 0.264 0.43161634103019536
0 0.118 0.7895204262877442 0.236 0.3747779751332149
0 0.5025 0.7229129662522202 0.313 0.47957371225577267
0 0.817 0.7442273534635879 0.316 0.48312611012433393
1 0.191 0.5994671403197158 0.192 0.2966252220248668
1 0.943 0.8854351687388987 0.11 0.2255772646536412
1 0.356 0.8898756660746003 0.218 0.216696269982238
1 0.0615 0.10035523978685613 0.123 0.20071047957371227
0 0.952 0.5115452930728241 0.094 0.38010657193605685