0 0.644 0.4369369369369369 0.26 0.37537537537537535
0 0.487 0.7597597597597597 0.266 0.3663663663663664
1 0.139 0.509009009009009 0.114 0.1831831831831832
1 0.822 0.1831831831831832 0.136 0.18018018018018017
1 0.215 0.05405405405405406 0.11 0.10810810810810811
1 0.848 0.33633633633633636 0.128 0.21621621621621623
1 0.254 0.17267267267267267 0.12 0.14714714714714713
1 0.483 0.7492492492492493 0.254 0.38738738738738737
1 0.839 0.5735735735735735 0.07 0.14414414414414414
1 0.647 0.4159159159159159 0.258 0.35735735735735735
1 0.429 0.4144144144144144 0.19 0.3843843843843844
1 0.286 0.5570570570570571 0.164 0.3633633633633634
2 0.847 0.7702702702702703 0.15 0.17117117117117117