0 0.353125 0.9199438202247191 0.1875 0.14325842696629212
0 0.6484375 0.45224719101123595 0.109375 0.19662921348314608
0 0.24296875 0.9283707865168539 0.1109375 0.12078651685393259
0 0.23984375 0.7415730337078652 0.1359375 0.23595505617977527
0 0.52578125 0.7331460674157303 0.1515625 0.29775280898876405
0 0.56953125 0.4887640449438202 0.1390625 0.19662921348314608
0 0.5359375 0.6039325842696629 0.121875 0.19662921348314608
0 0.35703125 0.5533707865168539 0.1078125 0.1348314606741573
0 0.33203125 0.7963483146067416 0.0828125 0.13202247191011235
0 0.7 0.30758426966292135 0.140625 0.22752808988764045
0 0.5546875 0.2640449438202247 0.175 0.21910112359550563
0 0.84765625 0.17837078651685392 0.1453125 0.2050561797752809
0 0.81171875 0.07584269662921349 0.2578125 0.14606741573033707
0 0.459375 0.8426966292134831 0.1625 0.24719101123595505
0 0.7078125 0.16292134831460675 0.115625 0.16292134831460675
0 0.2890625 0.922752808988764 0.178125 0.13202247191011235
2 0.28984375 0.33848314606741575 0.0734375 0.1601123595505618