0 0.39375 0.8019662921348315 0.15 0.2893258426966292
0 0.15 0.8370786516853933 0.159375 0.28651685393258425
0 0.5109375 0.6137640449438202 0.10625 0.21629213483146068
0 0.64609375 0.5463483146067416 0.0921875 0.199438202247191
0 0.565625 0.5407303370786517 0.125 0.23314606741573032
0 0.71875 0.44803370786516855 0.11875 0.25
0 0.75078125 0.31179775280898875 0.0984375 0.19101123595505617
0 0.5875 0.32303370786516855 0.1625 0.23595505617977527
0 0.28203125 0.672752808988764 0.0828125 0.14325842696629212
0 0.88203125 0.41713483146067415 0.1265625 0.23314606741573032
0 0.47109375 0.7556179775280899 0.1171875 0.2808988764044944
0 0.8140625 0.1601123595505618 0.121875 0.2303370786516854
0 0.1953125 0.5730337078651685 0.13125 0.23595505617977527
0 0.92578125 0.30337078651685395 0.1234375 0.25842696629213485
0 0.3359375 0.476123595505618 0.109375 0.2050561797752809
0 0.28671875 0.8679775280898876 0.1703125 0.24719101123595505
2 0.33359375 0.2148876404494382 0.0703125 0.1601123595505618