0 0.545 0.6366666666666667 0.17 0.1711111111111111
0 0.669 0.5077777777777778 0.214 0.19777777777777777
0 0.484 0.7944444444444444 0.304 0.2688888888888889
0 0.333 0.91 0.218 0.17555555555555555
0 0.233 0.6733333333333333 0.194 0.2088888888888889
0 0.89 0.56 0.216 0.2
0 0.559 0.37444444444444447 0.186 0.16666666666666666
0 0.106 0.5844444444444444 0.204 0.19555555555555557
0 0.807 0.8622222222222222 0.234 0.2311111111111111
0 0.396 0.6622222222222223 0.164 0.18666666666666668
1 0.892 0.5555555555555556 0.2 0.2
1 0.555 0.36777777777777776 0.166 0.1711111111111111
1 0.11 0.58 0.18 0.2088888888888889