0 0.17626953125 0.47366898148148145 0.1162109375 0.1417824074074074
0 0.14111328125 0.4609375 0.0986328125 0.13252314814814814
0 0.5157877604166666 0.6990740740740741 0.18587239583333334 0.2777777777777778
1 0.52587890625 0.10734953703703703 0.056315104166666664 0.11053240740740741
1 0.20263671875 0.6027199074074074 0.07649739583333333 0.13020833333333334
1 0.5009765625 0.9053819444444444 0.13997395833333334 0.17650462962962962
1 0.3819986979166667 0.8770254629629629 0.12076822916666667 0.1857638888888889
1 0.5144856770833334 0.6956018518518519 0.17805989583333334 0.28935185185185186
1 0.94970703125 0.796875 0.0927734375 0.26157407407407407
1 0.130859375 0.4557291666666667 0.08138020833333333 0.1371527777777778
2 0.5769856770833334 0.35127314814814814 0.1533203125 0.2789351851851852
2 0.47314453125 0.24479166666666666 0.11490885416666667 0.24537037037037038
2 0.3304036458333333 0.7708333333333334 0.12044270833333333 0.17939814814814814