0 0.484 0.4795 0.25866666666666666 0.111
0 0.40066666666666667 0.715 0.17733333333333334 0.162
0 0.57 0.607 0.172 0.154
0 0.5846666666666667 0.724 0.22266666666666668 0.12
0 0.42 0.598 0.14666666666666667 0.146
0 0.09933333333333333 0.566 0.164 0.146
0 0.7386666666666667 0.431 0.16266666666666665 0.154
0 0.5673333333333334 0.337 0.17733333333333334 0.184
0 0.408 0.26 0.264 0.114
0 0.5826666666666667 0.8385 0.2773333333333333 0.109
0 0.36666666666666664 0.369 0.21866666666666668 0.118
0 0.25733333333333336 0.5735 0.21333333333333335 0.243
0 0.21866666666666668 0.4265 0.176 0.179
0 0.6626666666666666 0.5315 0.21866666666666668 0.105
0 0.13733333333333334 0.426 0.22133333333333333 0.254
0 0.8786666666666667 0.5105 0.176 0.161
0 0.6946666666666667 0.271 0.256 0.166
0 0.7693333333333333 0.6395 0.25066666666666665 0.119
0 0.77 0.762 0.19066666666666668 0.17
0 0.284 0.749 0.13066666666666665 0.126
0 0.11 0.424 0.19866666666666666 0.428